SG 78 36.8 36.1 10.8 24.5 44.2 4.8 13.2 36.8 9.7 11.0 87.9 6.6 7.5 2.0 0.7 5.0 34 7 30.62
SG 77 36.9 28.0 9.2 21.0 43.8 3.8 9.8 38.6 5.9 7.0 83.9 8.2 4.1 2.2 0.4 2.7 24 1 23.32
PF 72 32.8 27.7 10.0 17.3 57.8 0.7 2.8 25.6 6.9 9.5 72.9 12.5 5.9 1.3 1.5 3.7 54 5 30.95
C 64 33.7 27.5 9.1 18.7 48.4 1.2 4.1 30.0 8.2 10.1 80.4 13.6 3.7 0.7 1.9 3.5 58 2 26.21
PG 69 33.8 27.3 9.2 19.4 47.2 5.1 11.7 43.7 3.8 4.2 91.6 5.3 5.2 1.3 0.4 2.8 3 0 24.45
SF 60 34.0 26.6 9.3 18.8 49.6 1.9 5.0 37.1 6.1 7.1 85.4 7.3 3.3 1.8 0.4 2.0 14 0 25.89
SG 64 35.0 26.6 9.2 19.6 46.7 2.1 6.5 32.6 6.1 7.1 86.6 4.1 6.8 0.9 0.2 4.1 12 0 20.30
PF 78 34.6 26.0 9.2 17.7 52.1 1.8 5.0 35.3 5.7 6.5 88.5 6.4 5.9 0.7 1.1 2.9 16 2 24.26
PG 80 35.5 25.8 8.5 19.2 44.4 3.0 8.0 36.9 5.9 6.4 91.2 4.6 6.9 1.1 0.4 2.7 13 0 23.78
PG 82 34.9 25.6 8.9 20.5 43.4 3.2 8.9 35.6 4.6 5.5 84.4 4.4 5.9 1.2 0.4 2.6 10 0 21.72
SG 82 36.9 25.6 9.3 19.6 47.5 2.5 7.3 35.1 4.4 5.5 80.8 5.0 5.5 1.5 0.7 2.7 11 2 20.84
PF 75 35.0 24.5 8.3 17.9 46.2 2.5 7.0 36.2 5.5 7.3 75.3 7.5 5.4 0.7 0.4 3.4 21 2 21.02
C 77 33.1 24.4 8.8 17.1 51.8 1.8 4.6 40.0 4.9 5.8 83.6 12.4 3.4 0.9 1.6 3.1 54 0 26.38
PG 67 33.0 23.8 9.0 18.5 48.7 2.6 6.5 40.1 3.2 3.7 87.3 5.0 6.9 1.5 0.5 2.6 21 1 24.37
SG 77 33.7 23.8 8.6 19.9 43.2 2.4 6.7 36.2 4.1 5.1 80.6 4.1 4.2 1.4 0.4 2.8 1 0 17.26
SG 63 34.5 23.7 8.4 18.0 46.7 1.9 5.1 37.4 5.0 6.0 83.2 4.7 4.5 1.0 0.4 3.4 2 0 18.79
PG 73 36.0 22.9 8.6 20.2 42.8 1.6 5.6 29.0 4.1 6.2 65.6 11.1 10.7 1.9 0.5 4.5 57 34 21.14
SG 78 34.0 21.5 8.4 18.0 46.7 3.1 7.7 40.2 1.7 2.0 81.6 3.8 2.4 1.1 0.6 1.5 0 0 16.70
PF 73 30.6 21.4 7.8 14.9 52.4 0.9 2.7 34.4 4.9 6.7 73.1 8.7 3.1 0.7 0.6 2.8 31 1 21.02
C 81 33.2 21.3 8.4 16.3 51.9 0.1 0.5 23.8 4.3 5.1 84.7 9.2 2.4 0.5 1.3 1.8 32 0 22.98
SF 77 34.9 21.2 8.2 17.1 48.1 0.1 0.6 15.6 4.8 5.7 83.0 6.0 6.2 1.1 0.5 2.6 12 1 19.61
PG 72 32.2 21.2 7.0 16.5 42.7 2.3 7.1 32.7 4.8 6.7 71.3 7.8 6.0 1.1 0.3 3.4 24 8 19.61
PG 67 35.9 21.2 8.2 17.3 47.2 1.8 5.4 32.5 3.1 4.0 76.8 5.0 7.7 1.6 0.8 3.1 18 0 19.43
SG 81 30.2 21.1 8.1 18.7 43.4 2.9 7.8 36.9 2.0 2.5 78.0 3.9 7.0 1.2 0.2 3.1 14 0 19.48
PG 70 33.5 21.1 7.0 16.0 43.8 2.2 6.1 36.4 4.9 5.8 84.5 3.4 6.4 1.3 0.3 1.9 10 0 21.46
SG 70 33.9 21.0 8.2 17.8 45.9 2.4 6.4 37.5 2.3 2.7 82.8 4.0 3.0 0.8 0.4 1.5 1 1 17.05
C 80 31.4 20.8 8.8 16.9 51.8 1.1 2.9 36.4 2.2 2.8 78.9 12.0 3.8 1.0 1.1 2.0 60 1 25.53
SG 82 31.9 20.7 7.6 16.6 45.8 3.4 7.9 42.7 2.1 2.4 88.6 5.0 2.5 0.7 0.4 1.8 3 0 17.60
C 80 31.3 20.1 7.7 15.1 51.1 1.0 3.4 30.7 3.6 4.4 82.1 10.8 7.3 1.4 0.7 3.1 56 12 26.38
PF 82 34.7 20.0 7.5 15.3 48.7 1.9 4.8 39.7 3.2 3.7 86.6 7.9 2.8 0.6 0.5 1.8 15 0 17.30
SG 75 26.6 20.0 6.5 15.2 42.5 1.4 3.9 36.1 5.7 6.5 87.6 3.0 5.4 0.8 0.1 2.4 7 1 21.30
PF 68 30.3 19.8 6.0 13.0 46.3 2.4 5.5 43.3 5.4 6.0 90.4 6.1 2.6 0.7 0.3 1.5 7 0 21.02
PF 61 30.0 19.5 7.6 13.6 56.0 0.9 2.6 34.8 3.3 4.4 76.3 9.8 2.0 0.4 0.6 2.0 32 0 21.85
PG 81 30.9 19.1 6.5 15.5 41.8 1.9 6.0 32.4 4.2 5.1 82.8 3.7 8.1 0.9 0.2 3.8 30 1 17.03
SF 65 33.6 18.7 6.4 13.9 46.2 1.0 3.0 34.7 4.8 5.6 85.5 5.3 4.0 1.9 0.6 1.5 3 0 20.29
SF 70 33.1 18.7 7.1 15.5 45.6 1.8 6.0 30.3 2.7 3.6 75.2 5.5 2.5 0.6 0.4 1.9 4 0 14.05
SF 77 31.1 18.3 6.6 14.9 44.1 2.3 6.2 37.8 2.8 3.4 83.7 6.0 4.3 1.0 0.1 2.3 7 0 16.55
PG 75 32.6 18.2 6.8 15.6 43.7 2.0 5.5 36.7 2.5 3.0 84.8 4.2 4.8 0.9 0.4 2.1 4 0 16.11
SF 73 34.8 18.1 6.8 16.6 41.2 1.6 4.8 33.9 2.8 4.1 69.9 4.8 2.5 1.0 0.7 1.9 3 0 12.42
SF 65 31.6 18.1 6.0 15.3 39.3 2.5 7.3 34.0 3.6 4.2 84.1 3.4 2.4 0.8 0.1 1.6 2 0 13.66
SG 76 31.3 18.1 5.9 13.5 44.0 3.2 8.0 39.7 3.0 3.4 89.4 2.4 2.7 0.4 0.2 1.3 1 0 15.15
SF 81 31.8 18.0 6.4 13.0 49.7 2.0 4.8 42.5 3.0 3.8 80.7 4.1 2.0 0.9 0.0 1.7 0 0 16.14
C 79 33.5 17.3 7.1 13.3 53.3 0.1 0.5 13.2 3.1 5.2 59.0 15.6 1.4 1.7 1.7 2.2 69 0 23.49
PG 81 31.4 17.3 6.2 13.6 45.8 1.1 2.9 37.1 3.7 5.1 72.7 3.8 7.3 1.6 0.6 2.8 16 1 18.18
PF 80 31.9 16.9 6.5 11.8 54.9 1.0 2.7 36.9 3.0 3.8 78.5 6.9 3.1 0.9 0.7 1.9 18 0 18.74
PG 79 34.2 16.9 6.8 12.2 56.3 0.0 0.1 0.0 3.3 5.4 60.0 8.8 7.7 1.4 0.8 3.5 42 10 20.07
PG 81 27.3 16.8 6.5 14.6 44.8 1.8 5.5 32.4 2.0 2.4 84.4 3.3 2.4 0.7 0.2 1.7 1 0 16.84
PG 68 28.1 16.8 5.4 12.2 44.2 1.8 5.4 33.5 4.2 5.2 80.6 2.4 4.6 0.6 0.3 2.2 2 0 16.32
PG 82 31.8 16.7 6.3 14.7 43.0 1.5 3.6 40.2 2.6 3.1 83.9 2.9 3.0 0.5 0.1 2.3 2 0 12.10
C 67 33.6 16.6 7.1 10.9 64.8 0.0 0.0 0.0 2.5 3.9 63.6 12.7 1.4 0.7 1.5 1.4 45 0 23.84
C 82 26.3 16.6 6.7 10.8 61.5 0.0 0.2 17.6 3.2 5.0 64.3 6.5 2.0 0.9 1.3 1.6 17 0 23.44
SG 73 34.8 16.6 5.8 14.1 41.2 2.2 6.3 35.7 2.7 3.2 86.1 3.6 4.1 1.1 0.5 1.5 1 0 14.01
SF 77 32.9 16.4 5.6 13.3 42.0 2.3 5.7 39.5 3.0 3.6 82.4 4.7 1.5 0.6 0.2 1.3 4 0 12.81
C 71 30.7 16.3 7.2 12.3 58.5 0.0 0.1 0.0 2.0 2.7 74.6 10.3 1.8 0.9 0.9 1.8 39 0 20.54
SG 68 31.7 16.2 5.6 13.8 40.9 3.2 8.8 36.0 1.8 2.2 78.3 2.2 1.9 0.6 0.4 1.3 0 0 12.25
PF 78 33.8 16.0 6.0 13.4 44.9 1.6 4.4 34.9 2.4 3.2 73.1 7.4 3.7 0.7 0.7 2.1 19 0 15.18
SG 78 29.1 15.9 6.0 12.4 48.4 1.6 4.8 32.9 2.3 3.0 75.0 4.6 5.5 1.5 0.4 2.1 8 1 19.31
C 81 31.8 15.9 5.9 8.8 66.9 0.0 0.0 0.0 4.1 6.4 63.6 12.9 2.0 0.8 2.3 1.6 66 0 24.60
SF 79 31.1 15.7 5.9 13.1 45.0 1.5 3.9 37.3 2.5 2.9 85.5 6.0 2.1 1.1 0.7 1.5 8 0 15.13
PG 64 28.6 15.6 5.9 11.7 50.5 1.6 3.8 42.6 2.2 2.4 92.8 4.5 3.2 0.7 0.2 1.4 0 0 17.84
C 72 27.4 15.6 5.8 11.5 50.8 0.0 0.4 10.3 3.9 5.1 77.3 10.4 3.2 1.0 1.4 2.3 36 1 23.41
PG 58 32.0 15.6 5.2 12.4 41.9 2.2 6.1 35.8 3.0 3.5 86.2 4.6 8.2 2.0 0.3 2.6 18 1 19.71
PG 79 29.3 15.5 5.8 14.0 41.4 1.6 4.6 34.1 2.4 2.9 81.9 3.6 4.1 0.8 0.2 2.2 3 0 12.76
PG 82 27.9 15.4 5.4 12.8 42.1 2.1 5.7 36.9 2.5 2.9 86.4 2.6 4.2 0.7 0.1 1.8 0 0 15.22
SG 79 28.5 15.3 5.5 12.4 44.0 1.5 4.2 34.8 2.9 3.3 88.8 5.5 2.2 1.1 0.4 1.0 7 0 17.38
SG 69 28.0 15.2 5.4 12.2 44.5 1.6 4.9 32.0 2.7 3.5 77.5 4.7 1.2 1.2 0.9 1.5 3 0 15.22
SG 81 31.5 15.1 5.8 13.2 43.8 1.9 5.6 34.0 1.7 2.1 80.6 3.2 3.6 0.9 0.1 1.9 1 0 12.32
SG 81 26.5 15.1 5.4 12.7 42.8 2.7 7.0 38.3 1.6 1.8 87.5 3.5 1.7 0.9 0.4 1.1 0 0 15.45
G 72 26.2 15.0 5.8 13.3 43.3 1.2 3.6 33.0 2.3 3.2 70.8 4.0 4.2 0.8 0.5 2.3 4 1 15.86
C 74 27.2 15.0 6.3 11.9 52.9 0.7 2.3 29.0 1.8 2.4 76.3 8.1 1.3 0.4 1.4 1.5 22 0 18.80
PF 62 25.3 14.9 5.7 11.4 50.4 0.5 1.5 31.3 2.9 4.2 69.1 7.6 1.0 0.5 1.0 1.6 19 0 18.93
G 59 27.2 14.8 5.6 12.5 44.6 1.2 3.6 32.9 2.4 3.2 77.4 3.3 3.9 0.7 0.3 2.4 1 0 14.62
PF 64 26.9 14.5 5.8 11.7 49.3 1.0 3.0 31.3 2.0 2.9 71.2 6.6 2.4 0.7 0.5 2.4 8 0 15.57
PG 65 34.0 14.2 4.7 11.4 41.1 2.4 7.0 34.7 2.5 3.0 83.0 4.8 8.7 1.4 0.5 2.8 20 2 16.51
SG 70 27.8 14.1 5.2 12.3 41.8 1.9 5.3 36.0 1.9 2.3 82.7 3.5 3.8 1.0 0.2 1.7 1 0 14.12
PF 74 24.8 14.1 5.6 9.5 59.0 0.1 0.2 52.9 2.8 3.9 71.5 9.3 2.9 0.6 0.4 2.2 30 0 21.99
SF 75 27.9 13.9 5.0 11.3 44.7 1.9 5.2 37.5 1.9 2.3 84.4 6.1 1.5 0.6 0.3 1.2 5 0 14.28
C 80 33.4 13.9 6.0 10.1 59.5 0.0 0.0 0.0 1.8 3.7 50.0 9.5 1.6 1.5 1.0 1.7 29 0 18.55
PF 58 26.1 13.8 5.1 10.2 50.6 0.9 2.4 35.9 2.6 3.4 76.7 4.7 1.1 0.9 1.4 1.7 2 0 16.43
SF 69 26.7 13.7 5.4 10.8 50.4 1.1 2.7 40.2 1.7 2.1 81.6 6.8 2.6 0.8 0.5 1.7 9 0 17.54
SF 76 30.2 13.7 4.9 9.8 50.0 2.4 5.1 47.4 1.4 1.8 82.7 3.8 2.4 0.5 0.2 1.6 0 0 13.56
C 67 24.5 13.7 5.6 10.2 54.9 0.1 0.5 29.4 2.3 2.9 78.7 9.8 1.7 0.5 0.4 1.8 32 0 22.36
SF 80 32.7 13.6 5.1 10.3 49.7 1.4 3.7 39.2 2.0 2.8 71.0 5.2 1.0 0.8 1.3 0.8 4 0 13.87
C 68 29.0 13.6 5.7 10.6 53.5 1.1 3.0 36.0 1.1 1.4 82.1 6.7 4.2 0.9 1.3 1.5 10 1 20.21
C 79 30.8 13.6 4.9 11.0 44.8 1.3 3.5 36.3 2.4 3.2 75.9 7.9 4.4 1.1 1.1 2.0 19 1 16.69
C 74 28.6 13.3 5.1 10.5 48.7 1.0 2.6 38.8 2.0 2.7 73.6 7.2 1.6 0.8 2.7 1.4 17 0 18.10
SF 76 32.2 13.0 4.7 11.1 42.7 1.7 4.9 34.8 1.9 2.4 77.9 4.7 2.6 0.8 0.1 1.5 3 0 11.53
SG 74 25.9 13.0 5.0 10.7 46.5 1.3 3.7 34.4 1.8 2.7 65.8 4.2 1.4 0.9 0.4 1.3 2 0 13.58
SF 75 28.8 12.8 4.5 12.2 37.0 1.7 4.9 34.3 2.2 3.0 71.7 4.5 1.1 0.6 0.3 1.5 3 0 8.73
PG 68 27.9 12.7 4.3 10.7 40.4 1.2 3.7 31.1 2.9 3.4 85.5 3.6 6.1 1.3 0.1 2.6 7 0 14.01
PF 81 30.7 12.6 5.5 10.4 52.7 0.6 1.8 34.9 1.1 1.7 64.4 6.5 2.5 1.5 0.4 1.5 10 0 16.28
PF 70 27.1 12.6 4.6 9.5 48.4 0.8 2.3 36.5 2.6 3.6 72.7 7.2 2.0 1.2 0.8 1.4 14 0 17.95
PF 66 29.7 12.6 4.9 11.3 43.3 1.5 3.9 37.5 1.3 2.1 62.8 5.4 4.3 1.1 0.3 2.2 6 0 12.83
SF 69 34.0 12.5 4.3 10.7 39.9 2.1 6.3 33.4 1.9 2.4 79.3 5.4 3.7 1.3 0.3 1.5 5 0 12.08
C 81 28.7 12.5 4.4 9.7 45.2 2.3 6.3 36.5 1.4 1.6 84.2 4.9 1.2 0.6 2.2 1.0 2 0 14.59
C 72 23.3 12.3 5.4 9.4 57.1 0.0 0.2 12.5 1.5 3.4 44.9 11.3 0.8 0.6 1.9 1.3 36 0 23.52
PF 77 27.2 12.3 4.2 8.9 47.5 1.4 4.2 34.7 2.4 2.7 88.8 4.0 1.8 0.6 0.5 1.3 2 0 13.66
SG 69 30.3 12.2 4.0 10.1 40.0 2.2 5.8 37.2 1.9 2.4 81.0 2.5 2.3 0.8 0.2 1.3 0 0 10.37
SF 82 31.3 12.1 4.4 9.8 44.8 2.3 5.9 39.1 1.1 1.5 70.7 4.0 5.7 1.2 0.2 2.4 7 0 13.46
C 75 22.3 12.0 5.3 8.5 62.4 0.0 0.2 8.3 1.3 2.0 63.2 7.5 0.7 0.6 2.0 1.4 14 0 21.88
C 81 27.3 11.9 5.1 9.1 55.6 0.0 0.0 50.0 1.7 3.1 55.1 8.4 2.4 1.2 0.6 1.0 22 0 18.00
PF 80 27.1 11.9 4.0 10.0 39.9 2.2 6.5 33.1 1.8 2.5 72.1 4.8 1.7 0.8 0.4 1.1 3 0 12.16
C 76 23.2 11.8 4.8 8.1 58.6 0.2 1.0 21.8 2.0 3.0 67.5 7.4 1.2 0.7 1.4 1.1 15 0 21.89
SG 82 28.0 11.8 4.4 9.6 45.6 2.1 5.0 42.6 0.8 1.0 88.5 2.9 2.1 0.5 0.0 1.0 1 0 12.05
PG 81 28.0 11.7 3.9 8.4 47.0 1.6 3.8 42.1 2.2 2.6 86.6 2.5 5.3 0.6 0.0 1.6 4 0 15.72
SF 67 24.5 11.6 4.1 10.3 40.2 1.4 4.5 32.0 1.9 2.6 72.6 3.9 2.3 1.3 0.6 1.8 0 0 11.93
SG 79 25.2 11.5 4.4 10.6 41.3 0.9 2.8 32.4 1.8 2.7 67.1 4.4 2.3 0.9 0.7 2.2 2 0 10.67
SF 72 25.9 11.5 4.1 8.8 46.6 1.1 3.2 33.3 2.2 2.6 83.4 4.5 3.4 0.9 0.3 1.5 2 0 15.62
SG 82 24.8 11.4 4.0 9.2 43.0 1.8 5.3 34.7 1.7 1.9 86.7 2.9 1.3 0.9 0.2 0.8 0 0 12.96
SG 81 23.2 11.3 4.3 9.1 47.4 2.0 5.0 40.2 0.7 0.8 84.8 2.5 1.2 0.7 0.1 0.7 0 0 14.21
SF 63 29.8 11.3 3.9 9.4 41.2 2.3 6.2 37.7 1.2 1.3 85.9 2.7 2.0 0.6 0.2 1.0 0 0 10.48
G 76 28.2 11.2 4.1 8.7 46.7 1.0 2.6 40.7 2.1 2.5 83.2 3.1 6.0 1.4 0.1 1.6 6 0 16.74
SG 72 26.3 11.2 4.1 9.3 43.5 1.2 3.3 35.6 1.9 2.2 88.4 2.2 1.8 0.8 0.2 0.8 0 0 12.30
F 67 25.4 11.1 3.4 8.6 39.5 1.6 4.6 34.2 2.7 3.6 76.0 5.2 1.3 0.5 0.1 1.1 3 0 12.09
C 77 20.1 11.1 4.2 8.4 49.4 1.0 2.6 36.3 1.8 2.8 64.8 5.5 1.1 0.4 0.9 1.3 9 0 17.27
C 69 29.7 11.0 4.1 6.5 64.1 0.0 0.0 0.0 2.7 3.8 70.5 13.1 2.3 0.6 1.1 2.2 42 0 19.04
SG 64 27.5 11.0 3.8 9.4 41.0 1.8 4.6 37.8 1.5 1.8 84.3 2.6 4.8 0.9 0.3 1.3 1 0 13.73
C 80 26.2 10.9 4.2 7.1 59.0 0.1 0.6 13.3 2.5 3.5 70.9 8.4 1.4 0.5 1.5 1.3 24 0 18.57
PG 58 19.4 10.9 4.1 9.4 43.1 1.0 2.7 35.2 1.8 2.1 83.1 1.7 2.7 0.6 0.1 0.8 1 0 16.53
G 64 22.8 10.9 3.6 8.1 44.8 0.8 2.1 39.4 2.8 3.5 80.3 3.1 1.9 0.4 0.2 1.8 2 0 12.19
SG 82 26.5 10.8 4.2 8.7 47.6 0.6 1.7 36.7 1.9 2.4 80.0 2.8 3.3 1.2 0.5 1.7 1 0 13.45
C 64 25.1 10.8 4.0 8.2 49.2 1.3 3.4 38.2 1.4 1.8 81.4 7.5 1.4 1.1 1.1 1.3 11 0 16.06
C 70 24.1 10.8 4.3 7.7 56.6 0.2 0.5 32.4 1.9 2.5 75.7 6.5 1.2 0.8 0.6 1.0 13 0 17.85
SG 73 27.5 10.7 4.0 9.6 41.5 1.7 4.7 36.8 1.0 1.3 74.5 3.6 1.8 0.8 0.1 1.0 1 0 10.81
PF 81 25.0 10.6 3.8 8.6 43.7 1.5 4.0 36.5 1.6 1.9 88.0 5.6 1.6 0.6 0.1 1.2 3 0 13.12
C 77 21.6 10.6 3.8 6.3 59.7 0.5 1.6 30.7 2.5 3.3 77.2 5.3 1.5 0.6 0.6 0.9 6 0 20.45
C 72 20.8 10.5 4.3 7.0 61.6 0.5 1.4 33.3 1.5 1.9 78.1 6.3 1.3 0.3 0.9 0.8 14 0 21.02
G 79 23.0 10.5 3.6 8.7 41.3 1.9 5.0 37.2 1.4 1.6 90.3 2.5 1.7 0.4 0.1 0.9 1 0 11.97
SG 82 31.8 10.5 3.7 9.5 38.6 2.0 5.7 34.8 1.2 1.3 89.6 3.9 1.8 1.5 0.4 1.3 3 0 9.99
PG 82 24.0 10.4 4.2 8.6 49.3 1.1 2.8 41.4 0.8 1.0 80.2 2.4 3.6 0.9 0.0 0.6 1 0 16.30
SF 80 27.7 10.3 3.7 7.9 46.5 2.5 5.4 45.5 0.5 0.6 84.1 4.0 1.6 0.9 0.7 0.9 1 0 13.02
G 69 20.3 10.2 3.7 9.6 38.9 1.1 3.1 35.6 1.7 2.3 71.9 2.9 2.4 0.8 0.3 1.7 1 0 11.54
F 75 28.4 10.1 3.7 8.7 42.2 1.9 5.1 36.6 0.9 1.1 76.7 5.4 1.2 0.9 0.8 0.6 5 0 12.66
PF 79 22.9 10.0 3.3 7.1 46.3 1.4 4.0 35.4 1.9 2.3 82.2 4.7 1.8 0.7 0.5 1.4 4 0 14.40
PG 63 30.2 9.9 3.9 9.7 40.8 1.4 3.9 35.1 0.7 0.8 86.0 2.8 2.4 0.7 0.3 1.4 0 0 7.66
PG 67 25.8 9.9 3.9 8.1 47.9 0.7 2.1 33.8 1.4 1.8 77.2 3.7 3.9 1.0 0.7 1.4 0 0 14.85
PG 82 23.3 9.9 3.4 8.1 42.5 1.9 4.9 39.4 1.1 1.3 85.4 2.2 3.0 0.6 0.1 1.1 0 0 13.19
SG 63 22.8 9.7 3.6 8.3 43.8 1.7 4.3 39.4 0.8 1.0 83.6 2.9 1.8 0.4 0.2 0.9 0 0 11.99
SG 75 27.3 9.7 3.7 8.8 41.9 1.8 4.7 38.5 0.5 0.7 73.2 3.3 2.9 0.9 0.3 1.5 1 0 10.15
PF 77 23.2 9.6 3.7 7.7 47.9 1.3 3.3 40.1 0.9 1.2 76.1 5.8 1.9 0.7 0.7 1.1 9 0 15.40
PF 75 26.6 9.6 3.5 8.1 42.9 1.1 3.5 32.3 1.5 1.8 81.5 5.5 1.1 0.8 1.3 1.0 3 0 13.02
G 74 19.4 9.6 3.2 7.3 44.0 0.7 2.5 29.4 2.4 2.8 83.8 2.4 3.1 0.6 0.2 1.7 1 0 13.58
C 74 21.7 9.5 4.1 7.2 56.8 0.1 0.4 22.6 1.2 1.7 72.4 3.9 1.2 0.1 1.1 1.3 2 0 15.90
PF 58 21.9 9.4 3.5 8.3 42.1 1.2 3.5 33.5 1.2 1.6 77.2 4.6 1.4 0.6 0.4 0.9 2 0 11.74
PF 65 21.1 9.4 3.5 7.3 48.3 1.1 2.7 40.3 1.2 1.6 79.2 6.3 0.8 0.7 0.5 1.3 6 0 14.75
PF 81 28.3 9.4 3.2 7.3 43.3 1.2 3.5 34.3 1.9 2.1 86.7 7.5 1.3 0.8 0.4 0.9 12 0 13.18
PF 67 26.8 9.4 3.7 7.1 52.0 0.5 1.5 33.7 1.4 2.0 71.6 8.2 3.2 1.5 0.6 1.4 18 0 18.58
PF 75 31.4 9.3 3.4 7.5 45.0 1.5 4.0 38.9 1.0 1.2 86.5 5.2 3.3 0.9 0.6 1.6 0 0 11.87
PG 73 21.8 9.3 3.6 7.7 46.7 0.9 2.5 34.8 1.2 1.6 72.5 2.3 3.2 0.5 0.1 1.2 3 0 12.80
G 73 20.2 9.2 3.2 7.9 40.0 2.1 6.0 35.4 0.8 0.9 83.8 2.5 0.5 0.5 0.4 0.8 0 0 11.41
SG 79 22.8 9.1 3.0 7.1 43.1 2.1 5.0 42.2 0.9 1.2 80.6 1.7 1.5 0.5 0.1 0.6 0 0 10.99
SG 79 22.7 9.0 3.3 8.4 38.7 1.5 4.3 35.3 0.9 1.2 78.5 3.9 2.9 0.9 0.3 0.9 1 0 12.95
SG 73 17.2 8.9 3.1 8.0 38.7 1.5 4.5 33.0 1.2 1.4 88.2 1.9 1.6 0.5 0.3 1.2 0 0 11.87
F 59 20.9 8.9 3.4 8.3 41.1 0.2 0.8 18.4 2.0 3.1 64.5 5.3 1.6 0.7 0.5 1.2 4 0 12.50
C 59 17.6 8.9 3.6 6.4 55.9 0.0 0.0 0.0 1.7 2.1 80.2 6.1 1.1 0.2 0.9 1.2 8 0 18.92
C 82 23.3 8.9 3.4 5.9 57.6 0.0 0.2 20.0 2.0 2.8 73.5 7.3 2.2 0.9 0.8 1.5 11 0 17.90
SG 80 27.1 8.9 3.2 6.6 48.5 0.8 2.0 39.5 1.6 2.0 81.9 3.5 5.0 1.0 0.2 1.5 7 1 14.14
PG 80 27.5 8.9 3.0 7.1 42.2 1.6 4.3 36.4 1.3 1.6 80.6 2.9 4.0 1.8 0.4 1.5 1 0 13.12
F 58 20.8 8.8 3.3 8.0 41.2 0.7 2.6 27.6 1.5 2.0 76.3 4.1 1.5 1.0 0.1 1.5 1 1 10.88
SG 64 21.5 8.8 3.0 7.4 40.5 1.0 2.6 36.3 1.8 2.2 82.3 3.7 2.0 0.6 0.3 1.0 1 0 12.69
SG 75 22.7 8.7 3.2 7.4 43.4 0.7 2.2 29.8 1.6 2.0 79.3 3.5 3.3 1.2 0.4 1.0 4 3 15.54
SG 60 18.8 8.6 3.2 6.7 48.3 1.1 2.8 40.0 1.0 1.3 82.7 2.3 1.5 0.7 0.2 1.1 0 0 13.35
G 70 19.1 8.6 2.9 6.9 41.6 2.0 5.0 39.7 0.9 1.0 82.2 2.3 1.2 0.4 0.2 0.8 0 0 11.29
PF 64 17.5 8.5 3.2 7.7 41.8 0.8 3.1 25.5 1.3 1.8 69.8 3.8 1.4 0.5 0.4 1.1 0 0 12.72
SF 63 20.5 8.5 3.2 7.1 45.0 0.9 2.9 31.5 1.1 1.5 78.3 3.9 0.8 0.7 0.4 1.2 2 0 11.01
SG 80 21.8 8.4 2.9 7.3 38.8 1.7 4.8 35.5 1.0 1.2 84.4 2.1 1.1 0.5 0.1 0.3 0 0 10.69
F 68 25.3 8.4 3.0 6.5 47.0 0.7 2.0 33.6 1.6 2.3 71.2 7.8 1.9 0.7 0.8 1.3 18 0 13.94
SF 82 23.5 8.4 3.4 7.5 44.6 0.6 2.1 28.9 1.1 1.7 64.0 4.4 2.5 1.3 0.5 1.7 3 0 10.79
SF 82 29.5 8.3 3.0 6.9 43.0 1.3 3.8 33.5 1.2 1.4 80.5 3.2 2.1 1.6 0.5 0.9 0 0 10.78
SF 69 25.5 8.2 2.7 7.0 39.0 1.9 5.3 36.5 0.8 1.0 78.9 1.9 2.1 0.6 0.3 0.9 0 0 8.39
C 59 15.8 8.2 3.6 6.1 58.6 0.0 0.1 20.0 1.0 1.5 66.3 4.7 0.7 0.3 0.7 0.9 6 0 18.00
C 70 16.9 8.2 3.2 5.2 60.8 0.0 0.0 0.0 1.8 2.5 73.1 4.7 0.9 0.6 1.1 0.7 5 0 20.72
PG 76 26.7 8.1 3.1 7.5 40.6 1.4 4.3 31.8 0.7 1.3 52.6 2.1 2.2 0.6 0.3 0.9 0 0 7.73
PG 61 19.2 8.1 3.2 7.3 43.4 0.9 2.8 31.4 0.9 1.2 74.0 2.2 1.1 0.4 0.0 0.8 0 0 9.42
SF 76 21.5 8.0 2.7 6.0 45.0 1.9 4.4 42.9 0.7 0.8 88.3 3.5 1.3 0.5 0.4 0.6 0 0 13.00
G 64 18.9 7.9 2.7 6.8 39.7 1.0 3.2 33.2 1.5 1.7 84.5 1.3 3.6 0.5 0.2 1.5 0 0 11.75
SG 74 18.9 7.9 2.9 6.3 45.6 1.5 3.4 45.0 0.6 0.7 84.6 1.6 0.9 0.5 0.2 0.8 0 0 11.40
SG 67 25.6 7.8 2.8 6.9 40.7 1.4 4.1 33.6 0.8 1.2 68.8 3.7 1.4 1.0 0.6 0.9 4 0 9.31
SG 75 27.2 7.8 2.8 6.6 42.2 1.2 3.5 34.1 1.1 1.4 74.8 2.9 1.4 1.0 0.4 0.9 0 0 8.48
C 59 18.3 7.8 3.1 5.6 55.3 0.0 0.0 0.0 1.6 2.2 70.5 5.4 0.9 0.2 0.4 1.0 4 0 16.28
C 82 21.1 7.8 3.2 5.4 59.3 0.0 0.1 20.0 1.4 2.4 56.1 6.4 3.0 0.8 0.9 1.5 9 0 17.88
G 74 23.7 7.7 2.6 6.9 38.6 0.8 2.9 27.9 1.6 2.2 72.8 2.9 1.2 1.2 0.4 0.9 1 0 9.38
SF 60 23.6 7.7 3.2 6.5 48.7 0.6 2.0 27.5 0.8 1.2 67.1 4.5 1.2 1.1 0.9 0.8 2 0 13.25
PG 78 27.4 7.6 2.5 6.1 40.7 1.4 3.6 39.7 1.2 1.6 78.0 5.0 3.8 0.9 0.6 1.1 6 0 11.79
PG 60 21.7 7.6 2.8 6.3 45.2 0.8 2.6 31.4 1.2 1.4 82.4 2.5 2.3 0.9 0.1 0.9 0 0 12.14
SG 66 23.5 7.6 2.8 7.0 40.3 1.2 3.4 35.1 0.8 1.1 72.2 3.6 1.7 0.5 0.2 1.0 2 0 9.41
SF 71 18.7 7.6 3.0 6.0 50.9 0.8 2.5 32.6 0.7 1.0 70.4 3.1 0.7 0.4 0.4 0.6 1 0 13.52
PF 81 24.5 7.5 2.8 6.5 43.2 1.0 3.1 31.1 0.9 1.3 70.9 4.8 1.2 0.9 0.4 0.9 3 0 11.07
SG 62 23.9 7.5 2.7 7.2 37.4 1.5 4.4 34.8 0.6 0.7 80.0 3.0 1.8 1.0 0.4 0.8 0 0 9.11
SF 80 21.2 7.5 3.0 6.4 46.4 0.8 2.5 32.5 0.7 1.0 75.3 4.0 1.2 0.7 0.6 0.6 1 0 13.13
G 76 17.5 7.4 2.6 6.2 41.9 1.6 4.2 38.9 0.6 0.9 71.2 2.6 1.1 0.6 0.4 0.6 0 0 11.83
PF 66 31.3 7.4 2.8 6.4 44.5 0.7 2.5 28.5 1.0 1.4 69.2 7.3 6.9 1.4 1.1 2.6 8 0 12.88
C 66 20.6 7.3 3.1 4.4 69.4 0.0 0.0 0.0 1.2 2.0 60.0 6.4 0.6 0.8 2.4 0.5 11 0 22.01
PF 82 34.2 7.3 2.5 6.4 39.6 1.8 4.7 37.7 0.5 0.7 69.5 5.8 1.2 1.6 0.5 0.8 3 0 9.24
SF 77 17.4 7.3 2.7 5.5 49.1 1.1 2.7 40.8 0.9 1.0 83.5 1.4 0.9 0.2 0.1 0.5 0 0 11.64
C 58 11.7 7.3 2.8 4.5 61.5 0.1 0.2 40.0 1.7 2.3 74.8 4.6 0.9 0.3 0.5 1.0 6 0 24.25
C 58 14.0 7.3 2.6 5.1 51.9 0.3 0.7 38.5 1.7 2.5 69.4 5.4 1.0 0.3 0.3 1.0 4 0 20.41
G 68 16.5 7.2 2.7 6.4 42.6 1.1 2.9 37.1 0.7 1.1 68.5 3.2 2.1 0.6 0.1 1.3 1 0 11.86
SF 81 19.9 7.2 2.7 6.0 44.7 1.1 3.0 35.5 0.8 1.0 78.5 2.6 1.2 0.4 0.2 0.4 0 0 11.38
PF 58 14.1 7.0 3.0 6.0 50.3 0.0 0.1 0.0 1.0 1.6 63.7 3.8 1.5 0.5 0.4 1.3 0 0 14.42
SF 60 19.2 7.0 2.7 5.4 49.4 0.5 1.5 30.8 1.2 2.0 60.7 4.0 0.6 0.8 0.7 0.7 0 0 14.07
C 64 20.4 7.0 2.3 5.6 40.2 1.4 4.0 34.8 1.1 1.3 82.4 3.8 1.2 0.3 0.6 0.8 1 0 10.85
SF 67 20.2 7.0 2.7 6.0 45.3 1.0 3.0 33.2 0.5 0.9 58.1 2.9 0.7 0.7 0.3 0.8 0 0 9.85
SF 74 26.1 6.9 2.5 5.8 42.9 1.4 3.9 36.6 0.5 0.7 72.5 1.9 1.0 0.5 0.2 0.6 0 0 6.46
SG 61 20.7 6.9 2.7 5.7 46.6 1.1 3.3 33.0 0.5 0.7 72.5 4.2 2.0 0.5 0.4 0.5 1 0 13.60
PG 68 22.9 6.9 2.7 6.6 41.5 0.6 1.9 31.7 0.9 1.0 84.1 2.0 4.8 1.2 0.1 0.7 5 0 13.70
SF 66 18.3 6.9 2.6 6.7 38.9 0.9 3.3 28.8 0.8 1.0 78.1 3.3 1.3 0.9 0.2 1.2 0 0 9.68
PG 74 14.3 6.9 2.8 5.9 46.5 1.1 2.7 40.5 0.3 0.4 76.9 2.1 1.6 0.3 0.0 0.7 0 0 13.13
G 75 19.2 6.9 2.6 6.4 40.6 0.7 2.3 31.6 0.9 1.2 72.8 2.4 1.5 0.4 0.2 1.1 1 0 8.33
PF 71 21.2 6.8 2.5 5.4 45.3 1.1 3.1 35.3 0.8 1.0 78.4 4.6 1.0 0.5 1.1 0.8 3 0 13.12
G 73 22.0 6.8 2.8 6.1 46.0 0.2 0.7 21.2 1.0 1.5 70.8 4.5 3.9 0.5 0.2 1.6 3 2 11.61
F 67 18.4 6.8 2.5 5.7 43.8 0.9 2.4 36.3 0.9 1.1 82.4 4.5 0.8 0.5 0.3 0.7 3 0 11.60
PG 81 24.2 6.7 2.3 5.2 44.7 1.0 2.7 37.3 1.1 1.3 87.3 2.7 3.3 0.8 0.0 0.8 0 0 11.59
SF 58 21.2 6.7 2.4 5.1 46.9 0.9 2.7 35.3 1.0 1.4 71.6 3.1 0.7 0.7 0.4 0.6 0 0 10.98
G 60 16.2 6.7 2.5 6.4 39.4 1.1 3.4 32.7 0.6 0.6 89.2 1.5 1.6 0.4 0.1 1.0 0 0 8.32
F 64 18.4 6.7 2.5 5.2 47.6 0.3 0.7 34.0 1.5 1.9 77.2 3.8 1.0 0.5 0.6 0.7 1 0 13.37
PF 77 17.6 6.6 2.5 5.2 47.3 0.5 1.6 33.1 1.2 1.6 74.6 4.2 0.9 0.3 0.9 1.0 0 0 13.56
SG 82 25.2 6.5 2.8 6.7 41.2 0.7 2.1 32.2 0.4 0.5 69.8 3.4 3.9 1.1 0.3 1.0 1 0 11.02
PG 73 19.6 6.5 2.5 5.8 43.2 0.3 1.2 27.0 1.1 1.7 66.7 3.0 1.9 1.2 0.4 0.8 1 0 12.38
SG 58 17.8 6.4 2.5 5.4 46.5 0.9 2.5 36.1 0.5 0.7 69.0 3.2 1.4 0.4 0.1 0.8 0 0 10.93
C 76 13.6 6.4 2.5 5.0 50.1 0.3 0.7 33.9 1.2 1.4 83.0 4.1 0.9 0.6 0.5 0.8 2 0 18.17
PG 76 19.3 6.4 2.9 5.5 52.5 0.2 0.6 33.3 0.4 0.5 78.4 2.3 3.4 1.0 0.2 1.2 0 0 13.41
G 68 15.8 6.3 1.9 5.1 38.0 0.9 2.9 31.0 1.5 2.0 76.1 1.6 1.8 0.5 0.2 0.8 0 0 10.76
F 73 16.7 6.3 2.2 4.9 45.9 0.9 2.6 36.7 0.9 1.1 80.0 3.9 1.3 0.4 0.2 0.6 1 0 13.49
PF 80 18.5 6.3 2.7 4.3 62.5 0.0 0.1 10.0 0.8 1.3 61.9 5.2 1.5 0.6 0.7 0.6 1 0 17.38
F 64 14.0 6.0 2.6 4.2 62.0 0.0 0.1 25.0 0.8 1.0 74.6 5.2 0.5 0.5 0.5 0.8 10 0 17.56
SG 74 17.6 6.0 2.2 4.9 45.2 1.1 2.8 39.7 0.5 0.6 88.1 2.1 0.9 0.4 0.2 0.3 0 0 10.72
G 71 15.0 5.9 2.2 5.0 43.5 0.8 2.1 36.2 0.8 0.9 89.6 1.5 1.9 0.5 0.1 0.6 0 0 12.70
G 68 14.9 5.9 2.0 5.0 40.2 1.0 2.8 37.2 0.8 0.9 89.1 1.9 1.2 0.3 0.1 0.8 0 0 10.97
C 61 14.4 5.9 2.2 4.0 54.5 0.8 1.8 45.0 0.7 0.8 84.3 3.8 1.2 0.2 0.1 0.7 2 0 15.84
PF 70 19.4 5.8 2.0 4.5 43.9 0.9 2.6 36.5 0.9 1.2 76.7 3.8 0.8 0.4 0.3 0.5 4 0 11.03
F 81 17.9 5.8 2.3 3.7 61.6 0.0 0.0 0.0 1.2 2.0 61.7 8.6 0.8 0.4 0.4 0.8 6 0 17.28
PF 79 17.7 5.8 2.1 5.3 40.0 1.3 3.2 40.1 0.3 0.4 66.7 3.5 0.8 0.3 0.2 0.6 0 0 8.64
SF 75 20.0 5.7 2.1 4.8 44.2 0.8 2.5 32.4 0.7 0.9 70.0 3.5 1.0 0.5 0.6 0.6 2 0 10.42
SF 68 23.2 5.7 2.2 4.4 50.0 0.7 2.1 33.3 0.6 1.0 58.2 3.7 3.2 0.9 0.8 0.8 0 0 13.12
C 66 13.8 5.7 2.2 4.0 54.9 0.4 1.0 38.8 0.8 1.2 73.7 3.4 1.0 0.3 0.6 0.5 1 0 17.07
C 77 16.5 5.5 2.4 3.8 64.5 0.0 0.0 0.0 0.6 1.2 53.3 5.3 1.2 0.4 0.9 0.6 1 0 19.38
G 59 19.0 5.3 2.0 4.4 44.4 0.6 1.7 36.6 0.7 0.9 75.9 2.8 4.2 0.5 0.1 1.3 4 0 11.69
PF 82 20.4 5.2 2.0 4.2 47.5 0.8 2.1 38.6 0.4 0.5 76.2 3.5 1.5 0.7 0.3 0.9 1 0 9.00
F 64 15.2 5.0 1.7 4.2 40.7 0.8 2.4 32.0 0.9 1.3 66.7 3.2 0.7 0.3 0.8 0.5 0 0 11.37
F 65 16.6 5.0 1.5 4.0 38.2 1.2 3.3 37.7 0.7 0.9 78.3 2.7 0.7 0.3 0.3 0.6 0 0 8.65
SF 68 18.1 5.0 1.7 4.0 41.2 0.4 1.2 36.7 1.2 1.5 81.6 2.7 1.1 0.4 0.3 0.6 0 0 8.71
C 77 13.7 4.9 2.1 3.6 58.7 0.0 0.0 0.0 0.7 1.0 68.4 4.2 0.6 0.9 1.2 0.6 2 0 19.32
SF 59 20.7 4.9 1.7 4.1 42.3 0.9 2.6 35.1 0.5 0.8 69.6 2.6 1.4 0.6 0.3 0.7 0 0 7.83
SF 72 13.9 4.7 1.9 3.8 48.7 0.6 1.6 35.6 0.4 0.7 56.3 3.4 0.4 0.3 0.2 0.4 1 0 11.20
SG 74 19.6 4.3 1.7 4.2 39.8 0.3 1.3 25.8 0.6 0.8 75.0 2.5 1.2 0.5 0.5 0.6 0 0 6.97
G 60 15.7 4.2 1.5 3.7 41.8 0.7 1.8 36.4 0.4 0.7 65.0 1.6 2.6 0.7 0.1 0.9 0 0 10.86
G 64 15.1 4.0 1.7 3.3 51.9 0.0 0.0 0.0 0.6 0.8 78.4 1.8 1.8 0.5 0.4 0.6 0 0 11.71
PF 60 12.4 4.0 1.6 3.0 53.1 0.0 0.1 0.0 0.8 1.2 68.5 3.6 0.6 0.2 0.1 0.6 0 0 13.39
SF 59 8.7 4.0 1.5 3.1 47.5 0.7 1.8 41.0 0.3 0.4 83.3 1.5 0.6 0.2 0.1 0.4 0 0 13.06
SF 61 11.4 4.0 1.5 3.5 42.3 0.5 1.6 32.0 0.4 0.6 75.0 1.9 0.3 0.3 0.2 0.4 0 0 8.83
C 68 12.9 3.9 1.3 2.8 44.0 0.0 0.1 0.0 1.4 1.8 78.2 3.9 1.3 0.5 0.3 0.8 0 0 13.69
F 58 9.0 3.9 1.7 3.2 54.1 0.1 0.5 25.8 0.3 0.5 61.3 2.2 0.4 0.2 0.3 0.2 1 0 16.98
PF 63 13.7 3.6 1.3 3.5 37.4 0.7 2.2 33.6 0.3 0.5 63.3 2.3 0.5 0.3 0.2 0.3 0 0 8.14
SG 62 10.1 3.5 1.5 3.5 42.4 0.1 0.3 21.1 0.5 0.9 52.6 1.6 0.7 0.3 0.1 0.6 0 0 7.07
PF 68 11.6 3.3 1.5 2.8 51.6 0.0 0.0 0.0 0.4 0.6 61.0 2.7 1.1 0.3 0.8 0.6 0 0 12.94
F 64 14.5 3.0 1.2 2.5 47.5 0.5 1.0 46.2 0.2 0.3 77.8 2.9 0.8 0.4 0.2 0.3 0 0 10.21
SG 64 4.9 1.0 0.3 0.8 34.7 0.0 0.2 20.0 0.4 0.5 73.5 0.7 0.3 0.2 0.1 0.3 0 0 5.22
