PG 67 34.4 28.1 9.4 22.0 42.6 1.3 4.3 29.9 8.1 9.8 83.5 7.3 8.6 2.1 0.2 4.4 31 11 29.12
SG 81 36.8 27.4 8.0 18.1 44.0 2.6 6.9 37.5 8.8 10.2 86.8 5.7 7.0 1.9 0.7 4.0 21 4 26.76
SF 69 36.1 25.3 9.0 18.5 48.8 1.7 4.9 35.4 5.4 7.7 71.0 6.0 7.4 1.6 0.7 3.9 22 2 26.01
PF 68 36.1 24.4 9.4 17.6 53.5 0.0 0.2 8.3 5.5 6.8 80.5 10.2 2.2 1.5 2.9 1.4 42 0 30.89
C 59 34.1 24.1 8.4 18.1 46.7 0.0 0.1 25.0 7.2 9.2 78.2 12.7 3.6 1.5 1.7 4.3 47 2 25.29
PG 80 32.7 23.8 8.2 16.8 48.7 3.6 8.1 44.3 3.9 4.2 91.4 4.3 7.7 2.0 0.2 3.1 23 0 28.06
C 71 35.4 23.4 9.3 19.9 46.6 0.5 1.5 35.2 4.3 5.1 84.5 10.2 1.7 0.7 1.0 1.7 39 0 22.85
PF 67 35.2 21.9 8.6 17.1 50.2 0.1 0.4 40.0 4.6 6.4 72.8 7.6 5.3 0.9 0.5 2.3 18 0 22.86
PG 75 36.4 21.7 7.7 16.5 46.8 2.1 5.0 41.5 4.2 4.9 86.3 3.2 5.2 1.5 0.3 2.5 6 0 21.57
SG 77 31.9 21.7 7.8 16.9 46.3 3.1 7.1 43.9 2.9 3.3 87.9 3.2 2.9 1.1 0.8 1.9 1 0 20.86
G 62 31.8 21.5 8.2 17.5 47.0 0.5 1.6 28.4 4.6 6.0 76.8 3.5 4.8 1.2 0.3 3.4 3 0 21.44
SF 68 35.4 21.1 7.5 16.4 45.5 1.2 3.2 35.9 5.0 5.8 85.8 5.9 3.7 1.0 0.6 2.7 2 0 19.76
PG 82 35.7 21.0 7.2 16.6 43.4 2.4 7.0 34.3 4.2 4.9 86.4 4.6 6.2 1.2 0.3 2.7 6 0 20.79
SF 60 35.0 20.1 6.8 16.5 41.3 0.4 1.5 28.4 6.0 7.2 83.2 4.6 3.5 1.2 0.2 2.3 4 0 17.46
SF 65 38.7 20.0 6.5 14.0 46.2 1.1 3.0 37.8 5.9 7.1 83.4 5.8 3.3 1.8 0.6 1.4 4 0 21.32
C 74 34.2 19.3 8.5 16.3 52.3 0.0 0.1 33.3 2.2 2.9 75.2 10.9 2.0 0.7 0.7 2.0 45 0 21.62
SF 76 34.4 19.3 6.4 14.3 44.5 1.6 4.3 36.4 4.9 6.1 81.2 4.9 4.1 1.4 0.4 2.7 2 0 20.24
PG 82 34.8 19.1 6.9 14.3 48.5 1.7 4.3 39.8 3.5 3.9 90.0 4.6 10.2 1.9 0.2 2.3 40 1 26.04
SG 80 33.7 18.9 7.5 16.9 44.5 1.0 3.6 28.5 2.9 3.8 75.2 2.4 4.1 1.9 0.3 2.5 3 0 16.59
PF 78 34.4 18.5 7.3 14.8 49.4 0.2 0.3 46.2 3.8 4.7 80.3 11.8 2.7 0.3 1.9 2.0 54 0 22.73
SG 72 35.7 17.9 6.6 15.1 43.6 1.2 3.4 33.9 3.6 4.4 81.9 4.2 4.1 1.7 0.3 2.8 3 0 15.98
PG 70 34.5 17.8 6.1 14.9 41.2 1.9 5.6 33.8 3.6 4.5 80.8 4.7 6.8 1.6 0.2 2.5 13 2 19.33
PG 79 35.9 17.6 6.6 14.8 44.5 0.8 2.7 30.0 3.6 4.6 78.5 4.6 10.0 1.7 0.6 3.8 40 0 19.92
C 81 33.2 17.4 6.5 13.2 49.4 0.0 0.2 17.6 4.3 5.4 79.5 7.8 3.8 0.9 1.6 2.2 20 0 21.73
PG 62 34.2 17.3 6.1 15.8 38.5 1.4 4.5 30.4 3.8 4.6 82.7 3.5 5.1 1.4 0.5 1.6 4 0 17.66
F 77 29.6 17.3 6.3 13.8 45.9 1.4 3.6 38.0 3.3 3.8 88.2 5.9 1.9 0.5 0.4 1.1 6 0 19.26
C 72 29.2 17.2 7.0 13.7 51.3 0.0 0.1 10.0 3.1 3.8 81.4 7.4 0.7 0.6 1.8 1.4 17 0 22.76
PF 68 34.8 17.1 6.5 14.0 46.6 1.3 3.5 36.4 2.8 3.6 78.8 6.3 1.8 1.0 0.5 1.7 11 0 16.76
SG 81 34.6 17.0 5.8 12.9 44.7 1.1 3.4 32.4 4.4 5.4 80.0 5.2 6.1 1.6 0.6 3.4 13 2 18.47
G 63 32.3 17.0 6.0 14.1 42.2 2.0 5.1 38.9 3.1 3.5 87.4 3.9 5.2 1.4 0.2 3.0 2 0 17.17
SF 82 36.2 16.9 6.1 13.9 43.7 0.5 1.5 31.0 4.3 5.7 76.0 4.6 2.1 1.0 0.6 2.2 2 0 13.97
PF 73 32.7 16.7 6.1 12.7 47.6 1.1 3.0 35.6 3.5 4.6 75.7 7.8 3.1 1.8 0.9 2.3 15 0 20.10
C 65 30.6 16.6 7.5 15.5 48.1 0.0 0.1 40.0 1.7 2.5 65.5 8.4 1.7 0.7 1.3 1.0 22 0 19.75
G 79 34.1 16.6 6.6 14.7 44.7 0.9 2.9 30.4 2.6 3.7 69.4 5.3 6.6 1.3 0.5 3.1 18 1 17.77
SF 64 31.8 16.5 6.2 12.8 47.9 1.0 3.0 34.9 3.2 3.9 80.2 7.2 2.5 2.3 0.8 1.5 14 0 22.09
PG 67 25.8 16.4 5.0 11.9 42.1 1.9 5.2 37.3 4.5 5.2 86.8 2.3 4.2 0.9 0.1 2.1 0 0 20.63
PF 75 33.8 16.4 5.5 12.7 43.4 1.9 5.2 36.7 3.4 4.3 80.4 9.7 2.2 0.7 0.5 1.6 38 0 18.89
SG 78 30.9 16.4 5.7 12.0 47.7 2.6 5.9 43.7 2.3 2.6 90.1 2.1 1.8 0.5 0.1 1.2 0 0 16.23
PG 78 33.8 16.3 6.4 12.8 50.1 1.2 3.3 34.7 2.3 3.0 77.3 3.5 4.5 1.0 0.2 2.2 4 0 17.47
F 71 32.5 16.1 6.4 13.1 48.7 0.1 0.3 35.0 3.2 4.2 76.5 10.5 2.2 1.0 0.2 2.2 38 0 19.54
C 74 30.8 16.0 6.5 12.4 52.5 0.0 0.1 16.7 3.0 4.5 66.9 8.2 1.5 0.8 1.7 1.6 23 0 21.86
SG 60 33.7 15.9 5.6 12.5 44.8 2.9 7.4 38.9 1.8 2.4 75.2 3.7 2.3 1.3 0.2 1.4 0 0 16.15
PG 73 30.5 15.9 5.6 12.2 46.0 1.0 2.8 34.3 3.8 4.4 86.2 2.5 7.0 1.7 0.4 2.8 10 0 20.64
C 69 31.0 15.9 6.1 12.4 49.6 0.0 0.0 0.0 3.7 4.9 75.0 10.2 2.1 1.1 0.5 2.2 35 0 21.26
PG 70 31.8 15.8 5.6 12.6 44.6 1.5 4.0 38.6 3.1 3.6 85.9 3.0 5.4 1.3 0.2 2.2 6 0 18.61
G 64 26.6 15.8 5.2 13.1 39.6 1.9 5.7 32.7 3.5 3.9 90.1 1.9 2.5 0.9 0.2 1.4 0 0 16.71
SF 66 33.1 15.7 5.8 12.6 46.2 2.0 5.3 38.0 2.1 2.9 72.0 4.9 2.4 1.0 0.3 1.5 3 0 16.37
SG 80 25.2 15.5 4.7 11.6 40.4 1.9 5.6 34.0 4.3 4.9 86.1 1.9 2.1 1.1 0.1 1.3 0 0 19.90
C 75 28.5 15.5 6.4 12.4 51.9 0.2 0.6 35.6 2.4 3.1 78.2 8.9 0.7 0.5 0.4 1.9 31 0 20.36
PF 82 31.5 15.3 6.2 13.4 46.5 0.7 2.2 31.8 2.2 2.8 76.3 6.2 2.3 1.2 0.5 2.1 12 0 15.81
SG 63 33.4 15.3 5.8 13.5 42.7 1.7 4.1 40.9 2.1 2.6 78.3 3.8 3.1 1.2 0.3 2.0 2 0 14.02
G 75 35.5 15.2 5.4 12.3 43.6 0.9 2.7 34.1 3.5 4.8 73.0 3.1 9.6 1.2 0.1 2.5 28 0 18.50
C 76 30.5 15.2 6.8 12.7 53.8 0.1 0.5 30.6 1.4 1.9 75.9 7.2 3.2 0.9 1.3 1.3 14 1 21.43
PF 78 31.5 15.0 5.3 12.4 43.0 1.2 3.7 33.2 3.1 3.7 83.3 4.2 1.7 0.7 0.4 1.4 1 0 14.48
PG 66 32.6 14.6 5.5 13.9 39.6 0.5 2.3 23.5 3.1 4.4 69.4 5.3 6.7 1.7 0.5 3.8 11 3 14.13
PG 77 29.5 14.5 5.6 12.9 43.4 0.9 3.1 29.9 2.4 2.8 83.0 4.2 6.0 0.8 0.1 2.4 15 2 17.24
G 80 34.9 14.4 5.6 12.8 43.5 1.5 4.2 35.9 1.8 2.2 80.1 4.8 3.7 0.7 0.2 1.7 3 0 14.11
G 68 28.7 14.4 5.9 12.2 48.6 0.6 1.3 42.7 1.9 2.4 78.3 1.9 4.9 0.6 0.0 2.1 1 0 15.94
C 64 33.1 14.3 5.8 12.3 47.6 1.2 3.2 37.6 1.4 1.7 83.6 7.8 0.9 0.5 2.4 1.5 17 0 16.60
PG 68 29.1 14.2 5.0 12.6 39.7 1.8 5.1 34.2 2.4 2.8 87.2 2.6 6.2 0.7 0.2 2.5 13 0 15.48
PF 76 32.0 14.1 5.9 12.7 46.6 0.5 1.5 33.0 1.7 2.6 65.5 5.4 2.3 1.6 0.3 1.5 3 0 15.74
F 72 33.6 14.0 5.1 10.9 46.9 1.1 3.1 35.5 2.7 3.5 76.1 5.2 1.9 0.9 0.3 1.5 5 0 15.55
F 78 31.7 13.9 5.4 12.5 42.9 1.8 5.2 34.2 1.4 1.8 77.5 6.1 1.7 0.7 0.4 1.4 8 0 13.24
PG 77 31.5 13.9 5.6 13.2 42.8 1.6 4.6 35.2 1.0 1.3 79.0 3.1 1.8 1.1 0.2 1.4 1 0 11.51
C 77 28.9 13.9 5.4 10.6 51.2 0.0 0.1 28.6 3.0 4.0 74.0 9.1 3.0 0.8 2.0 1.7 33 1 22.69
C 82 30.5 13.8 6.0 11.7 51.4 0.0 0.0 0.0 1.7 4.5 38.9 13.5 0.7 0.9 1.9 1.5 48 0 21.50
PF 61 27.5 13.7 4.8 12.0 39.9 2.0 5.9 34.0 2.1 2.5 85.4 4.8 0.9 0.5 0.3 1.0 3 0 15.69
PF 70 27.9 13.5 4.3 10.8 39.5 2.4 6.4 37.4 2.5 3.1 82.0 4.5 1.5 1.4 0.4 1.8 1 0 14.72
SG 70 26.3 13.5 4.7 11.8 39.8 2.2 6.4 34.5 1.9 2.3 80.7 3.1 1.1 0.9 0.4 1.0 1 0 14.18
SG 61 33.1 13.4 4.7 11.4 41.1 2.3 5.2 44.8 1.8 2.2 80.5 2.6 3.8 0.8 0.2 2.0 1 0 12.76
SF 79 30.1 13.4 5.1 11.0 46.7 1.4 3.4 40.7 1.7 2.0 85.9 4.4 2.3 1.5 0.1 1.4 1 0 15.70
C 58 27.0 13.3 5.4 12.2 43.9 0.9 3.2 28.3 1.7 2.2 74.4 7.6 2.3 0.8 0.7 1.3 12 0 17.93
G 78 32.1 13.3 4.8 11.3 42.4 1.5 4.3 35.4 2.1 2.5 84.3 3.2 1.7 0.5 0.1 1.5 0 0 10.70
PG 68 31.1 13.0 4.4 11.3 38.7 1.3 3.5 36.7 3.0 3.5 83.4 3.5 6.6 0.9 0.3 2.3 11 0 15.73
PG 76 30.1 12.8 4.9 13.2 36.8 1.6 5.1 31.8 1.4 1.9 75.2 2.7 4.3 0.9 0.2 1.6 3 0 12.64
SF 82 35.7 12.8 4.5 11.1 40.2 2.4 6.8 35.0 1.5 1.7 85.3 5.6 2.5 1.9 0.2 1.7 3 0 12.74
SG 82 31.5 12.7 4.8 11.9 40.1 1.9 5.4 34.5 1.3 1.9 69.6 3.1 1.3 1.1 0.2 1.1 0 0 11.25
PF 81 31.4 12.7 4.7 9.6 49.1 0.1 0.5 15.9 3.2 4.3 74.1 6.7 2.6 0.9 1.0 2.1 10 0 14.89
PG 71 26.4 12.6 4.7 10.6 44.0 0.8 2.0 39.0 2.5 3.0 81.9 3.5 3.1 0.8 0.1 1.7 2 0 15.48
F 70 31.3 12.6 4.5 9.3 48.7 1.7 4.3 39.5 1.8 2.6 70.2 5.3 1.7 1.3 0.2 1.1 3 0 15.94
F 75 27.8 12.6 5.0 9.8 50.7 0.0 0.1 12.5 2.7 3.8 69.1 8.9 1.2 0.8 0.8 1.6 26 0 18.46
PF 59 24.2 12.4 3.9 9.6 40.1 1.8 5.1 35.5 2.9 3.2 89.5 3.7 1.4 0.8 0.3 1.0 0 0 16.81
PF 83 27.7 12.4 5.0 11.9 41.9 0.9 2.7 31.6 1.5 3.1 49.8 6.4 3.3 1.0 1.4 2.5 15 0 14.92
C 82 29.9 12.2 5.4 9.5 56.6 0.0 0.0 0.0 1.5 2.1 70.3 8.7 1.2 0.6 1.3 1.2 22 0 18.28
G 75 32.2 12.1 3.9 8.0 48.7 2.9 6.0 49.2 1.4 1.6 89.8 4.1 2.6 0.7 0.6 1.4 1 0 14.80
G 82 32.6 12.1 4.4 10.1 43.7 1.7 4.8 35.8 1.6 2.0 81.3 2.9 1.7 0.9 0.2 1.7 0 0 10.42
SG 80 28.9 12.1 4.6 10.6 43.7 0.6 1.7 33.1 2.3 2.7 84.8 3.4 2.6 0.6 0.3 1.4 2 0 13.29
G 70 29.7 12.1 4.5 10.8 41.7 2.3 6.1 38.3 0.8 1.0 75.0 3.1 2.8 1.2 0.3 1.4 0 0 13.63
F 71 28.7 12.0 5.0 9.9 50.4 0.7 1.9 36.8 1.4 2.3 60.2 5.9 1.8 0.8 0.5 1.7 7 0 14.44
C 80 26.2 12.0 4.7 8.2 57.2 0.0 0.0 0.0 2.7 3.5 78.6 8.7 0.5 0.4 1.2 1.4 22 0 20.60
SG 58 28.6 12.0 4.4 9.9 44.0 1.5 3.9 37.8 1.8 2.5 72.8 2.6 2.1 0.7 0.0 1.4 0 0 12.47
C 70 26.8 12.0 5.1 11.1 45.9 0.0 0.2 27.3 1.8 2.4 73.8 7.9 1.5 0.5 0.7 1.5 22 0 16.21
G 80 28.0 12.0 4.5 10.2 43.9 0.5 1.8 26.7 2.5 2.8 88.1 3.1 4.7 0.9 0.2 2.4 5 0 14.64
G 74 19.5 11.9 4.4 10.5 41.6 1.9 5.2 35.4 1.3 1.6 82.5 2.5 1.2 0.6 0.2 1.4 0 0 15.47
PG 59 25.0 11.9 4.5 10.1 44.8 0.6 2.1 31.4 2.2 2.7 82.9 3.2 3.5 0.9 0.2 1.6 2 0 16.94
SF 73 26.2 11.9 4.0 9.0 44.7 1.6 4.2 38.9 2.2 2.9 78.1 4.0 2.0 0.6 0.3 1.3 2 0 15.23
PF 71 23.8 11.8 5.2 10.5 49.9 0.0 0.0 0.0 1.3 2.1 62.7 6.8 1.3 0.6 0.2 1.3 10 0 16.50
G 80 27.6 11.8 4.7 11.8 39.6 0.9 3.1 29.7 1.5 2.2 68.0 2.4 2.0 1.1 0.3 1.4 1 0 10.93
SF 81 28.5 11.7 4.0 9.1 43.6 2.4 5.6 41.8 1.4 1.6 87.4 4.2 2.0 1.2 1.1 1.1 2 0 16.55
PF 79 31.5 11.7 4.3 9.7 44.3 1.4 4.2 33.7 1.7 2.5 66.0 8.2 3.7 1.6 1.3 1.7 18 1 16.43
F 66 28.7 11.7 4.9 10.4 47.1 0.1 0.3 20.0 1.8 2.4 73.9 6.8 3.4 0.7 0.7 1.8 7 0 16.06
G 82 23.0 11.6 4.2 10.0 42.1 1.5 3.8 38.7 1.8 2.1 83.3 2.0 3.2 0.7 0.2 1.9 1 0 14.49
C 82 34.4 11.5 4.6 6.5 71.0 0.0 0.0 25.0 2.3 5.7 39.7 15.0 0.7 1.0 2.2 1.3 47 0 21.05
F 58 22.7 11.5 4.5 9.6 47.2 1.3 3.3 38.9 1.2 1.8 64.5 4.8 1.0 0.6 0.3 0.8 6 0 16.90
C 59 21.1 11.5 4.6 8.3 55.7 0.0 0.1 0.0 2.3 3.2 72.0 5.6 0.8 0.5 0.6 1.3 4 0 20.40
SF 70 24.0 11.5 4.0 10.2 38.9 1.7 5.1 34.2 1.8 2.2 80.1 2.2 1.8 0.3 0.2 1.2 0 0 12.12
F 80 26.1 11.5 4.3 10.1 42.6 0.8 2.9 26.8 2.1 2.8 74.3 3.7 2.2 1.4 0.2 1.6 3 0 13.98
SG 71 23.9 11.4 4.2 9.9 42.2 1.4 3.9 35.7 1.6 2.0 82.7 2.6 2.8 0.8 0.3 1.8 0 0 13.60
G 74 25.8 11.2 3.7 8.8 42.4 0.9 2.4 36.9 2.9 3.6 79.5 2.6 4.6 1.1 0.4 2.2 3 0 15.65
G 60 24.4 11.1 3.7 8.9 41.6 1.2 3.5 34.9 2.4 2.7 90.6 1.7 1.3 1.0 0.1 1.0 0 0 14.18
C 67 25.3 11.0 4.6 9.0 51.1 0.0 0.1 20.0 1.8 3.0 60.4 5.1 1.8 1.0 0.3 1.9 2 0 14.33
SG 74 24.4 10.7 3.9 8.3 46.3 1.9 4.4 43.4 1.1 1.2 88.8 2.6 0.8 0.7 0.1 0.5 2 0 14.88
PF 82 23.5 10.6 4.2 8.3 50.4 0.1 0.4 28.1 2.1 2.6 79.0 4.9 1.3 0.5 0.4 1.0 5 0 16.39
C 76 25.3 10.6 4.2 9.3 44.6 0.0 0.0 0.0 2.2 2.7 82.4 7.1 1.1 0.2 1.6 1.4 18 0 15.47
G 70 22.7 10.5 3.6 8.4 42.6 1.3 3.7 34.5 2.1 2.9 72.1 3.0 4.2 1.0 0.3 2.2 3 0 16.20
SF 81 25.2 10.4 4.1 9.4 43.4 1.4 3.9 35.8 0.9 1.4 62.8 4.8 1.6 0.8 0.2 0.9 5 0 13.73
F 76 15.9 10.4 4.2 8.5 49.2 0.1 0.2 27.8 2.0 2.3 84.3 4.3 0.9 0.3 0.4 1.1 1 0 19.58
C 62 27.3 10.3 4.1 8.2 50.2 0.0 0.0 0.0 2.1 3.0 71.7 6.4 1.1 0.6 1.2 1.2 8 0 16.10
C 75 30.5 10.3 3.9 5.9 66.6 0.0 0.0 0.0 2.5 3.4 72.0 11.5 1.1 0.6 1.2 1.4 31 0 20.12
PF 64 22.3 10.3 3.9 8.3 47.5 1.0 2.7 34.9 1.5 2.1 68.4 4.7 1.7 1.0 0.6 1.5 3 0 15.93
G 80 29.6 10.2 3.3 8.3 40.3 0.9 3.1 29.4 2.6 3.3 77.4 2.6 3.8 1.5 0.1 2.2 4 0 11.76
F 82 20.2 10.2 3.1 7.6 40.5 1.2 3.8 31.6 2.8 3.5 80.3 4.9 1.2 0.7 0.7 1.1 8 0 17.93
C 82 21.1 10.2 4.1 7.5 54.9 0.0 0.0 0.0 1.9 2.3 82.3 5.7 1.4 0.2 0.6 0.9 3 0 19.01
SG 77 24.7 10.1 3.7 8.8 42.2 0.7 2.2 34.1 1.9 2.3 84.2 2.8 3.6 0.7 0.1 2.5 4 0 11.31
G 77 30.6 10.1 3.7 8.4 44.8 1.2 2.9 40.2 1.4 1.7 86.0 2.3 2.0 1.0 0.2 1.0 0 0 11.51
SF 82 28.3 10.1 3.9 8.0 48.2 1.1 2.6 40.5 1.3 1.8 72.0 5.5 1.4 0.7 0.2 0.9 6 0 13.41
SF 76 29.9 10.1 3.6 8.2 44.4 1.8 4.9 36.2 1.0 1.3 77.9 4.0 1.5 0.9 0.7 1.1 1 0 11.29
SG 65 25.8 10.0 3.9 9.5 41.2 1.4 3.7 37.0 0.8 1.0 81.3 3.2 1.6 0.5 0.0 0.8 1 0 11.66
PG 77 19.7 10.0 3.7 8.6 42.7 0.7 1.9 35.1 1.9 2.3 82.7 2.1 4.1 0.6 0.1 1.9 5 0 15.74
C 75 30.8 9.9 4.0 8.7 46.2 0.0 0.0 0.0 1.9 3.1 60.9 8.1 1.7 1.8 1.9 1.9 18 0 15.03
F 76 29.5 9.9 3.8 9.1 41.4 1.2 3.4 35.1 1.2 1.5 80.4 4.2 1.6 0.8 0.6 1.1 3 0 11.14
F 67 28.6 9.9 3.7 9.5 39.5 0.9 3.0 30.7 1.4 2.4 58.9 4.9 1.6 1.2 0.3 1.5 4 0 10.60
SG 82 25.5 9.8 3.8 9.2 41.0 1.8 4.8 37.2 0.5 0.7 78.6 2.8 1.0 0.6 0.3 0.8 0 0 11.21
C 73 30.0 9.7 3.5 7.0 50.6 0.0 0.1 16.7 2.6 3.3 78.3 8.3 2.0 1.0 1.7 1.7 18 0 17.26
C 81 25.3 9.7 3.9 7.0 55.5 0.0 0.1 33.3 1.9 2.7 71.8 7.3 0.7 0.4 1.2 1.4 18 0 16.59
C 59 27.8 9.6 4.0 7.4 53.5 0.0 0.0 0.0 1.7 2.2 77.2 6.7 0.9 0.3 1.4 1.2 6 0 16.26
G 82 27.6 9.5 3.9 9.1 42.9 0.4 1.5 27.7 1.3 1.7 75.2 5.1 5.5 1.0 0.2 2.4 7 3 12.88
PG 82 24.0 9.5 3.1 7.9 39.9 1.0 3.0 33.7 2.2 2.5 86.8 2.0 4.3 0.6 0.0 1.8 4 0 13.92
PG 82 24.3 9.5 3.6 8.8 40.8 1.6 4.3 37.9 0.6 0.8 75.8 2.6 3.7 0.6 0.1 1.5 0 0 12.67
SG 63 29.2 9.4 3.3 7.6 43.5 1.7 4.2 40.7 1.1 1.4 80.5 3.9 1.8 0.6 0.3 1.0 0 0 11.64
F 81 20.5 9.4 3.7 7.9 46.7 0.1 0.2 25.0 2.0 2.8 69.9 6.5 1.3 0.6 0.2 1.2 9 0 16.84
PF 71 33.5 9.4 3.4 8.5 40.0 1.4 4.4 32.4 1.2 1.4 85.7 5.9 4.8 1.1 0.6 1.9 5 0 13.10
F 75 26.4 9.3 4.0 6.9 57.4 0.3 0.6 41.3 1.1 1.7 61.2 6.1 1.6 0.6 0.8 1.5 6 0 15.43
G 62 22.4 9.2 3.2 7.6 42.3 1.4 3.7 37.4 1.4 1.6 84.8 2.5 1.5 0.5 0.0 1.0 0 0 12.47
PF 78 30.6 9.1 3.3 7.6 43.8 1.1 3.2 34.5 1.3 1.8 72.7 6.4 1.6 1.4 0.3 1.2 4 0 12.56
SF 78 23.8 9.0 3.3 7.4 45.3 1.2 3.3 35.5 1.1 1.4 82.1 2.7 0.9 0.4 0.1 1.0 0 0 11.64
PG 68 29.7 8.9 4.0 9.5 42.6 0.4 1.3 31.4 0.5 1.1 39.7 5.5 7.9 1.3 0.1 3.1 15 3 13.49
PG 82 30.4 8.9 3.7 8.6 42.5 0.1 0.5 26.2 1.4 2.6 55.1 4.3 6.5 1.7 0.2 2.5 12 2 13.87
SF 82 29.0 8.9 3.1 7.7 39.6 0.8 2.5 32.7 1.9 2.4 82.4 3.8 2.2 0.8 0.2 1.4 1 0 10.20
F 67 21.1 8.9 3.1 6.4 48.9 0.5 1.3 40.2 2.1 2.9 73.3 3.9 1.5 0.5 0.1 1.3 1 0 14.45
F 71 25.0 8.8 3.2 7.6 41.3 1.6 4.0 40.1 0.9 1.3 70.8 2.8 1.2 0.8 0.4 0.9 0 0 10.98
G 76 22.2 8.8 2.9 6.9 41.8 1.3 3.5 35.7 1.7 2.1 81.5 1.8 3.1 1.0 0.2 1.1 0 0 14.86
C 82 21.3 8.7 3.4 6.0 57.3 0.0 0.0 0.0 1.9 3.9 49.5 6.2 0.9 0.8 0.8 1.3 12 0 18.04
C 81 24.5 8.7 3.6 7.8 46.0 0.7 2.1 32.0 0.9 1.1 77.4 4.3 2.9 0.4 0.3 1.6 1 0 12.74
C 74 18.9 8.6 3.8 7.4 51.5 0.0 0.0 0.0 1.0 1.4 70.6 6.5 0.9 0.2 0.7 1.5 4 0 17.38
SG 63 26.2 8.6 3.6 7.2 49.5 0.2 0.5 34.5 1.3 2.0 62.7 4.4 1.4 2.0 0.5 1.4 2 0 14.68
PF 82 26.8 8.5 3.3 6.0 54.7 0.0 0.0 0.0 1.9 3.0 64.1 8.0 0.5 0.4 0.7 1.0 14 0 15.68
C 82 26.3 8.4 3.1 5.2 60.4 0.0 0.0 0.0 2.1 3.3 62.3 9.5 1.3 0.8 2.3 1.4 25 0 21.60
PF 74 19.8 8.3 2.9 6.6 44.7 0.7 2.1 31.4 1.8 2.6 68.4 2.7 0.7 0.5 0.1 0.8 1 0 12.89
F 79 23.3 8.3 3.6 5.9 60.1 0.0 0.0 0.0 1.2 2.4 48.7 7.6 1.2 0.6 1.2 0.7 6 0 20.00
G 63 22.3 8.3 3.3 8.0 40.7 1.4 4.1 34.5 0.4 0.6 66.7 2.3 4.0 0.7 0.1 1.7 0 0 12.14
C 73 23.7 8.3 3.3 7.2 45.4 0.0 0.0 0.0 1.7 2.2 78.8 6.8 2.4 1.1 0.3 1.8 15 0 15.68
G 61 25.8 8.2 3.4 9.0 37.6 0.3 1.7 17.1 1.1 1.8 62.7 4.5 3.9 0.6 0.1 2.1 2 0 8.87
C 73 19.2 8.0 3.3 6.9 47.4 0.1 0.3 18.2 1.5 1.9 77.4 4.9 1.1 0.5 0.4 1.4 4 0 14.52
F 82 21.8 8.0 3.1 7.2 43.4 0.2 0.5 35.7 1.5 1.9 83.0 4.0 1.7 0.4 0.5 1.3 3 0 12.05
PF 81 26.6 8.0 3.0 6.6 44.9 1.3 3.5 37.1 0.8 1.0 78.8 5.3 1.9 0.7 0.5 0.7 3 0 14.67
SG 62 24.9 8.0 3.1 7.6 41.0 1.1 3.2 34.2 0.7 1.0 67.2 3.6 2.2 1.3 0.3 1.5 2 0 11.48
PF 64 21.0 8.0 3.3 7.0 47.3 0.0 0.1 0.0 1.4 1.8 74.4 6.5 0.9 0.5 0.4 0.7 3 0 15.50
PF 70 19.6 7.9 3.4 5.8 58.9 0.2 0.7 21.6 1.0 1.5 65.7 3.7 1.4 0.8 1.0 1.1 2 0 17.93
F 62 21.8 7.9 2.8 7.0 39.6 0.7 2.4 28.7 1.6 2.1 75.2 3.2 1.2 0.7 1.1 1.7 1 0 10.66
SF 77 26.9 7.8 3.0 6.4 46.6 1.0 2.8 34.9 0.9 1.5 59.6 3.3 3.0 1.2 0.3 1.1 0 0 12.34
PG 67 27.0 7.8 2.6 7.1 36.7 1.4 4.1 33.5 1.2 1.9 64.6 3.3 3.1 1.5 0.3 1.3 0 0 11.02
PF 68 16.5 7.8 3.0 6.7 44.4 1.0 2.8 34.4 0.9 1.1 79.2 2.9 1.1 0.4 0.0 0.6 0 0 15.14
G 77 22.3 7.8 2.9 6.7 42.6 0.5 1.6 30.8 1.6 1.8 88.3 2.7 3.0 0.8 0.2 1.7 0 0 11.18
SF 75 20.1 7.7 2.9 6.9 42.2 1.2 3.1 38.7 0.7 0.9 79.1 2.6 0.8 0.4 0.3 0.6 0 0 11.44
C 70 25.3 7.7 3.1 5.7 54.4 0.0 0.0 0.0 1.5 2.9 50.2 7.5 0.9 0.5 1.2 1.4 10 0 14.14
PF 82 20.1 7.7 2.8 6.6 42.0 0.7 2.5 29.3 1.3 1.7 77.3 3.6 1.1 0.9 0.3 0.6 0 0 13.93
PG 79 18.9 7.7 3.1 6.4 48.7 0.3 1.2 26.8 1.1 1.3 85.3 1.8 2.8 0.6 0.1 1.1 0 0 15.49
F 75 24.4 7.6 3.1 7.4 41.2 0.7 2.3 31.3 0.8 1.1 71.6 2.1 3.4 0.8 0.2 1.3 0 0 10.93
C 62 24.0 7.6 2.8 6.0 46.1 0.0 0.0 100.0 2.0 2.6 77.4 5.8 1.6 0.5 0.8 1.0 2 0 14.15
C 73 19.3 7.6 3.0 6.3 47.5 0.0 0.0 0.0 1.6 2.8 57.7 6.2 0.8 0.5 0.5 1.3 9 0 14.39
G 77 17.7 7.5 2.9 7.0 42.0 0.7 2.2 32.3 1.0 1.2 80.9 1.7 3.4 0.4 0.0 0.9 0 0 15.14
SF 58 24.1 7.5 3.1 6.9 44.0 0.5 1.2 46.3 0.8 1.1 75.4 3.6 1.6 0.5 0.3 0.6 0 0 12.01
F 78 26.1 7.4 2.7 6.3 42.4 1.2 3.4 35.8 0.8 1.1 71.3 4.9 1.3 0.9 0.5 0.8 1 0 11.79
PG 68 21.1 7.4 3.0 6.9 43.8 0.5 1.6 30.6 0.8 1.2 67.9 2.6 2.8 0.7 0.2 1.3 0 0 12.54
SG 74 23.6 7.4 2.6 5.9 44.3 1.0 2.8 34.8 1.1 1.4 81.2 2.8 1.1 0.8 0.1 0.8 0 0 10.63
C 76 26.1 7.3 2.8 5.4 51.7 0.0 0.0 0.0 1.7 3.0 58.2 9.8 0.9 0.4 0.7 1.3 13 0 15.49
F 75 24.9 7.3 2.5 6.5 39.2 1.8 4.6 39.3 0.4 0.5 88.6 3.9 1.3 0.6 0.5 1.0 2 0 9.54
F 75 19.3 7.3 3.1 4.8 64.2 0.0 0.0 0.0 1.0 1.5 69.6 4.3 0.5 0.7 1.3 0.5 3 0 20.44
C 67 30.6 7.2 2.8 6.4 44.5 0.0 0.0 0.0 1.6 2.6 60.3 9.6 4.7 0.7 1.1 1.8 15 0 15.35
SF 72 23.8 7.2 2.8 5.9 46.8 1.0 2.7 38.5 0.7 0.9 71.6 3.1 1.8 1.0 0.2 0.9 0 0 12.31
PF 70 17.0 7.2 2.7 5.3 51.5 0.0 0.0 0.0 1.8 2.1 82.0 3.8 0.4 0.2 0.2 0.8 3 0 14.93
F 79 19.8 7.2 2.9 5.9 48.7 0.4 1.1 34.5 1.1 1.9 58.1 5.0 1.1 0.5 0.5 1.1 3 0 15.31
F 75 23.9 7.2 2.5 6.0 42.1 1.2 3.3 37.3 0.9 1.3 74.0 2.6 1.3 0.3 0.3 0.7 0 0 9.94
F 62 24.0 7.1 2.9 7.1 41.2 0.1 0.4 31.8 1.2 1.6 72.7 3.1 1.1 0.6 0.1 1.2 0 0 8.03
G 66 14.9 7.1 2.8 5.8 47.4 0.7 1.7 38.4 0.9 1.1 78.4 1.4 1.5 0.6 0.1 0.7 0 0 15.33
G 77 21.3 7.0 2.4 5.8 42.2 1.6 4.2 39.0 0.5 0.6 81.3 1.6 1.9 0.9 0.2 1.0 0 0 11.48
F 67 18.3 7.0 2.9 5.2 56.6 0.0 0.0 0.0 1.2 2.0 56.9 4.7 0.9 0.4 2.0 1.3 2 0 18.08
PG 76 20.6 7.0 2.7 6.5 40.9 0.5 1.7 29.8 1.1 1.7 67.5 2.0 2.0 0.6 0.2 0.9 0 0 10.36
C 62 17.8 6.9 2.8 6.2 44.6 0.0 0.0 0.0 1.4 2.1 63.6 6.2 0.8 0.8 1.1 1.4 4 0 14.84
SF 58 16.9 6.8 2.6 6.1 42.5 0.4 1.5 27.1 1.3 1.6 78.7 2.8 1.4 0.8 0.3 1.1 2 0 13.60
SG 62 15.7 6.8 2.6 5.9 43.6 0.9 2.2 39.6 0.8 1.2 69.9 1.5 1.0 0.7 0.1 0.8 0 0 13.15
SF 67 19.2 6.8 2.5 5.8 43.3 0.8 2.1 36.4 1.0 1.2 82.7 3.0 1.0 0.7 0.1 0.7 0 0 12.26
SG 79 18.3 6.8 2.6 5.2 50.4 0.2 0.6 36.4 1.3 1.8 73.4 2.4 2.4 0.6 0.2 0.8 0 0 15.57
PG 72 18.5 6.7 2.4 6.3 38.9 0.9 2.7 32.1 0.9 1.0 89.2 1.5 2.3 0.5 0.1 0.8 0 0 11.74
F 58 17.0 6.6 2.7 6.6 40.4 0.4 1.9 23.6 0.8 1.0 78.0 2.9 1.0 0.8 0.4 0.8 2 0 11.57
C 70 16.0 6.6 2.6 4.7 56.6 0.0 0.1 25.0 1.3 1.5 86.5 4.5 0.5 0.2 0.3 0.9 5 0 15.97
C 79 15.6 6.6 2.9 5.7 51.3 0.0 0.0 0.0 0.7 1.0 70.7 3.6 0.7 0.1 0.7 1.2 1 0 12.61
C 68 14.1 6.5 2.7 4.8 55.0 0.0 0.0 0.0 1.2 1.5 81.8 4.6 0.7 0.3 0.8 1.0 5 0 20.01
F 76 18.8 6.3 2.1 5.2 41.0 1.4 3.8 36.6 0.7 0.9 78.3 3.1 0.8 0.3 0.2 0.7 1 0 11.10
SF 65 21.2 6.3 1.9 5.4 35.2 0.8 2.4 31.4 1.8 3.0 59.1 3.0 1.2 0.6 1.0 1.3 0 0 8.72
C 67 23.6 6.3 3.0 5.3 56.3 0.0 0.0 0.0 0.3 0.6 52.4 8.1 2.7 0.6 1.7 1.6 6 0 15.82
PF 64 10.6 6.3 2.3 5.7 41.4 1.3 3.5 37.6 0.3 0.5 57.1 2.3 0.3 0.2 0.3 0.4 0 0 17.50
G 64 18.6 6.3 2.0 5.2 37.4 0.3 0.9 31.7 2.1 2.7 76.9 2.3 2.8 0.5 0.0 1.3 0 0 11.17
C 69 22.0 6.3 2.6 5.1 50.7 0.0 0.0 33.3 1.1 1.5 70.2 6.6 0.5 0.5 1.5 1.1 10 0 13.54
G 76 24.5 6.2 2.5 5.7 43.3 0.5 1.5 30.2 0.8 1.0 78.2 2.3 3.0 1.2 0.1 1.1 1 0 10.90
PF 81 24.6 6.1 2.5 5.3 47.0 0.0 0.0 0.0 1.1 1.8 62.2 6.5 1.0 0.4 0.7 1.0 7 0 10.23
SG 72 19.6 6.0 2.2 5.2 42.9 1.0 2.7 37.1 0.6 0.8 80.0 2.4 0.9 0.4 0.2 0.7 1 0 10.19
C 63 19.0 6.0 2.5 4.3 57.5 0.0 0.0 0.0 1.0 1.9 55.1 5.8 0.7 0.3 0.4 0.8 5 0 14.76
SF 74 19.4 6.0 2.4 5.3 45.0 0.5 1.4 33.7 0.8 1.1 73.4 3.0 0.9 0.6 0.4 0.7 0 0 11.64
F 80 21.8 6.0 2.2 5.6 38.6 1.2 3.0 39.8 0.5 0.7 76.9 2.4 1.1 0.6 0.3 0.7 0 0 8.50
F 75 16.4 6.0 2.3 5.1 44.6 0.7 1.9 38.6 0.7 0.9 84.8 3.8 0.9 0.6 0.2 0.6 1 0 14.99
G 78 18.8 5.9 2.5 5.1 50.0 0.0 0.0 0.0 0.8 1.2 71.4 2.3 3.3 0.6 0.3 1.3 1 0 12.91
SF 78 20.8 5.9 2.1 5.1 40.7 1.1 2.8 37.9 0.7 0.8 90.2 2.5 1.0 0.6 0.1 0.6 0 0 9.31
F 68 18.9 5.9 2.2 4.9 45.9 0.3 0.9 30.0 1.1 1.4 78.4 4.4 1.0 0.4 0.3 0.9 1 0 11.96
F 74 16.8 5.8 1.9 4.4 44.4 0.9 2.1 42.6 1.1 1.5 68.4 2.5 0.8 0.4 0.1 0.7 2 0 11.34
PF 73 17.5 5.8 2.2 5.7 39.3 0.8 2.4 31.3 0.6 0.9 64.7 3.5 1.2 0.3 0.7 0.8 0 0 9.83
G 66 16.5 5.8 2.0 6.2 33.3 1.0 3.5 29.7 0.7 0.9 78.9 2.0 1.2 0.7 0.2 0.7 0 0 9.66
SG 66 24.4 5.7 2.2 5.8 37.3 0.9 2.5 34.5 0.5 0.8 70.0 1.8 2.2 0.7 0.2 1.1 0 0 6.82
PF 63 16.5 5.7 1.7 4.7 36.5 0.8 2.7 30.1 1.4 2.0 71.5 3.0 0.8 0.3 0.2 0.8 0 0 9.57
PF 74 18.5 5.6 2.0 4.8 41.2 0.5 1.7 27.4 1.1 1.6 71.2 4.6 0.8 0.9 0.8 0.7 4 0 14.45
C 61 16.0 5.5 2.4 4.9 47.8 0.0 0.0 0.0 0.8 1.0 78.1 5.5 1.2 0.6 1.1 1.0 6 0 18.16
SF 63 17.3 5.4 1.9 4.8 40.3 1.0 2.8 36.0 0.6 0.6 87.5 2.6 0.7 0.4 0.3 0.5 1 0 10.57
PF 60 18.9 5.3 2.0 3.5 58.0 0.1 0.2 30.8 1.3 1.9 66.7 5.0 0.7 0.4 1.0 0.7 1 0 16.12
SF 74 15.3 5.2 2.0 4.7 42.2 0.4 1.7 24.4 0.9 1.3 67.0 2.2 1.0 0.5 0.4 1.0 0 0 9.39
SF 75 17.7 5.2 1.9 4.4 42.6 0.6 1.8 36.4 0.8 1.3 60.0 3.0 1.0 0.7 0.4 1.0 0 0 9.70
C 81 16.6 5.2 2.2 4.4 50.8 0.0 0.0 0.0 0.7 1.0 64.7 5.3 0.5 0.4 0.8 0.9 0 0 14.21
F 66 25.0 5.2 2.3 5.1 45.7 0.0 0.2 10.0 0.4 0.7 61.7 3.9 0.8 0.7 0.6 0.5 1 0 8.97
SF 62 17.0 5.0 1.6 4.0 40.9 0.5 1.5 32.6 1.3 1.5 84.0 2.8 0.8 0.4 0.3 0.6 1 0 11.53
SF 79 21.2 5.0 1.9 4.5 41.5 0.9 2.6 35.6 0.4 0.5 75.0 2.2 2.3 0.9 0.1 1.2 0 0 9.64
F 63 17.0 5.0 2.2 4.7 47.2 0.0 0.0 0.0 0.5 0.7 70.2 5.1 1.2 0.2 0.7 0.6 4 0 14.91
PG 82 22.2 4.8 1.8 5.1 34.9 1.0 3.2 31.4 0.2 0.4 62.5 1.6 2.4 0.5 0.2 1.4 0 0 5.70
PG 67 20.6 4.8 1.7 4.6 36.2 1.0 2.5 40.7 0.4 0.6 76.3 1.9 3.0 0.4 0.0 0.9 2 0 8.56
C 64 19.4 4.8 1.6 2.9 54.3 0.0 0.0 0.0 1.6 2.7 58.3 6.4 0.3 0.3 1.5 0.8 6 0 15.18
SF 68 15.4 4.8 1.8 3.9 45.2 1.0 2.5 40.6 0.2 0.3 69.6 0.7 0.8 0.2 0.1 0.7 0 0 8.21
C 67 16.9 4.6 1.9 4.6 41.2 0.0 0.0 0.0 0.8 1.2 67.1 3.5 0.8 0.4 0.6 0.5 0 0 10.93
F 63 13.1 4.5 1.9 4.3 44.3 0.1 0.5 24.1 0.6 0.9 62.7 3.3 0.7 0.3 0.1 0.6 1 0 11.97
PG 81 15.5 4.4 1.8 3.6 50.0 0.1 0.4 20.6 0.7 1.0 75.3 1.9 3.5 0.4 0.1 1.3 1 0 13.37
G 73 15.4 4.4 1.5 4.1 36.5 0.7 2.0 32.2 0.8 0.9 85.9 1.2 0.9 0.3 0.2 0.5 0 0 7.50
C 61 18.8 4.3 1.9 3.5 55.2 0.0 0.0 0.0 0.5 1.7 30.4 5.8 0.5 0.5 0.8 1.0 2 0 10.84
PG 81 18.9 4.3 1.5 4.0 37.3 1.0 2.7 35.2 0.4 0.5 70.7 1.7 3.6 0.5 0.1 1.3 0 0 9.48
SG 59 11.1 4.3 1.5 4.0 38.7 0.6 1.8 32.1 0.6 0.8 82.2 1.2 0.8 0.7 0.2 0.5 0 0 12.13
PF 62 16.0 4.2 1.7 3.9 44.8 0.0 0.2 20.0 0.7 1.0 70.3 4.2 0.7 0.3 0.2 0.7 3 0 10.68
SG 58 14.4 4.2 1.8 4.3 42.1 0.2 0.7 25.6 0.4 0.8 53.3 1.8 2.5 1.1 0.1 1.1 0 0 12.33
F 66 16.7 4.1 1.6 3.8 41.9 0.2 0.9 26.7 0.7 1.0 69.2 3.8 1.4 0.5 0.4 0.7 0 0 11.23
PG 67 17.9 4.1 1.4 3.4 39.9 0.9 2.5 34.3 0.5 0.6 85.4 1.8 2.6 1.2 0.0 0.9 0 0 12.26
F 63 13.2 4.1 1.5 3.0 47.9 0.9 1.8 51.3 0.2 0.3 68.4 1.8 0.4 0.3 0.2 0.4 0 0 11.15
C 73 16.4 4.0 1.9 3.5 53.5 0.0 0.0 0.0 0.3 0.6 47.8 4.4 0.5 0.6 0.9 0.7 1 0 13.44
PF 74 12.2 4.0 1.6 3.4 45.9 0.0 0.1 0.0 0.8 1.3 63.2 2.3 0.5 0.6 0.3 0.5 0 0 10.88
SF 62 11.4 3.7 1.3 3.0 44.1 1.0 2.2 43.2 0.1 0.2 54.5 1.6 0.6 0.3 0.1 0.5 0 0 10.54
C 72 13.0 3.7 1.3 3.2 40.9 0.6 1.8 36.5 0.4 0.5 81.1 1.6 0.7 0.1 0.2 0.2 0 0 10.13
C 59 14.3 3.7 1.5 2.7 56.2 0.0 0.0 0.0 0.6 1.1 53.1 5.0 0.2 0.3 0.8 0.9 2 0 13.31
PF 74 14.3 3.6 1.2 2.2 52.1 0.0 0.1 14.3 1.3 1.9 69.8 3.6 0.3 0.4 0.2 0.3 2 0 13.30
C 68 16.9 3.6 1.5 3.3 44.9 0.0 0.0 0.0 0.6 1.2 50.6 4.7 0.8 0.2 0.6 1.4 0 0 7.03
G 67 19.2 3.4 1.4 3.0 45.8 0.3 1.3 24.7 0.3 0.7 47.9 3.8 1.0 0.8 0.4 0.7 1 0 9.09
PF 61 14.4 3.3 1.3 3.1 42.2 0.0 0.0 0.0 0.7 1.2 57.7 3.3 0.3 0.3 0.7 0.5 0 0 10.46
PF 69 12.4 2.7 1.2 2.1 55.2 0.0 0.0 0.0 0.3 1.2 28.9 4.0 0.4 0.6 0.4 0.6 0 0 11.10
