SG 72 35.4 30.4 9.0 20.1 44.9 3.7 10.0 36.7 8.7 10.1 85.8 5.4 8.8 1.8 0.7 4.4 31 4 29.87
PF 75 36.4 28.1 10.4 19.5 53.4 0.7 2.2 34.0 6.6 8.0 82.8 11.1 2.3 1.5 2.6 2.2 50 1 28.98
SF 82 36.9 27.5 10.5 19.3 54.2 1.8 5.0 36.7 4.7 6.5 73.1 8.6 9.1 1.4 0.9 4.2 52 18 28.65
PG 73 36.6 26.9 8.5 19.4 43.9 3.1 8.6 36.1 6.8 7.4 91.6 4.5 6.6 1.1 0.4 2.8 11 0 25.19
PF 75 36.7 26.9 9.9 18.7 52.9 0.6 1.9 30.7 6.5 8.5 76.0 10.0 4.8 1.5 1.4 3.0 42 1 27.37
PF 68 34.2 26.4 9.3 18.0 51.6 2.5 6.1 41.9 5.3 5.9 88.9 6.8 5.4 0.7 1.8 3.0 15 2 26.05
PG 80 36.4 25.4 9.5 21.1 44.9 1.2 4.1 29.8 5.2 7.1 73.7 10.1 10.3 1.8 0.3 4.8 59 25 24.80
PG 60 32.2 24.4 8.9 18.1 49.1 2.8 6.8 40.8 3.9 4.4 88.9 3.8 5.1 1.1 0.3 2.3 1 0 25.03
C 75 33.5 23.1 9.2 18.0 51.0 0.4 1.2 29.3 4.5 5.3 83.7 8.5 2.0 0.6 1.2 1.5 27 0 25.12
SG 75 34.0 23.1 8.5 17.9 47.7 2.1 5.8 37.1 3.9 4.9 79.9 5.2 4.3 2.4 0.8 2.9 3 0 23.12
SF 80 33.9 23.0 8.1 17.7 45.6 1.1 3.6 31.0 5.8 7.0 82.5 3.9 5.2 1.1 0.3 2.2 0 0 21.10
C 63 30.3 22.9 8.1 16.8 48.3 1.0 3.4 30.8 5.7 7.4 76.9 11.0 3.2 0.6 1.8 3.7 38 0 22.95
SG 82 36.3 22.6 8.3 18.1 46.0 2.4 6.5 37.5 3.6 4.5 79.1 4.4 4.5 1.2 0.4 2.6 4 0 18.51
SG 79 32.8 22.6 7.4 16.9 43.5 2.4 6.6 35.9 5.5 6.2 88.0 2.5 5.3 1.1 0.2 3.0 7 0 20.29
SF 59 36.7 22.2 7.4 15.6 47.4 1.2 3.4 35.0 6.2 7.2 85.4 5.3 4.9 2.0 0.4 1.8 3 0 23.70
PG 80 34.2 22.1 7.4 17.0 43.1 2.9 7.5 38.4 4.5 5.3 86.4 3.1 5.6 1.1 0.3 2.2 3 0 20.62
SG 79 36.6 21.9 7.3 17.0 43.0 3.1 7.7 40.1 4.3 5.2 82.2 5.7 3.3 2.0 0.5 2.7 4 0 18.71
PF 58 34.0 21.4 7.5 17.2 43.8 1.9 5.6 34.5 4.5 5.7 78.5 7.4 5.8 0.7 0.3 2.8 16 3 19.65
SG 81 36.1 21.4 8.2 18.6 44.3 2.3 5.9 39.7 2.6 3.1 83.6 4.0 3.4 1.0 0.4 1.9 1 0 17.00
C 82 35.6 21.3 7.8 14.3 54.5 1.5 3.5 42.1 4.2 4.9 85.8 12.3 2.4 0.8 1.4 1.9 68 0 24.99
SG 79 33.4 20.5 7.5 17.2 43.7 2.4 7.0 34.0 3.0 3.8 80.5 3.7 3.7 1.5 0.3 2.7 0 0 16.74
SF 82 36.4 20.1 7.2 15.5 46.6 1.8 5.0 35.9 3.9 4.4 88.4 5.2 4.0 1.5 0.3 2.3 5 1 17.45
SG 73 34.3 20.0 7.9 16.1 48.8 3.1 7.1 44.0 1.1 1.3 83.7 3.8 2.5 0.8 0.5 1.8 2 0 16.15
SF 65 33.0 19.6 8.1 16.4 49.8 0.3 1.4 22.2 3.0 3.9 75.7 5.1 1.3 1.0 0.6 1.3 6 0 17.71
PG 67 31.0 19.4 7.5 17.1 43.6 1.1 3.9 29.0 3.4 4.0 84.9 3.1 6.2 1.1 0.1 2.7 5 0 17.41
PG 81 36.1 19.0 7.6 15.4 49.4 1.5 4.4 33.7 2.3 2.9 78.6 4.5 6.0 1.5 0.8 2.6 8 1 17.87
SF 77 34.2 18.9 7.0 15.7 44.5 1.5 4.3 35.7 3.4 4.1 82.7 6.1 2.0 0.6 0.2 1.5 8 0 15.89
PG 58 31.8 18.6 6.3 13.8 46.0 2.5 6.5 38.0 3.5 3.8 91.9 5.4 7.9 1.7 0.2 2.2 14 1 24.39
PF 80 33.4 18.6 7.0 15.3 46.0 2.3 5.6 41.1 2.2 2.7 82.9 5.5 2.4 0.9 0.4 1.3 3 0 17.20
C 75 32.5 18.5 6.7 13.5 49.9 1.5 3.7 39.6 3.5 4.2 85.0 10.7 6.1 1.2 0.8 2.8 38 10 24.52
SG 69 31.2 18.0 6.0 14.1 42.8 3.2 8.8 35.9 2.8 3.5 80.9 2.5 2.2 0.6 0.4 1.9 0 0 15.22
SG 74 31.4 17.7 6.3 13.4 47.3 1.7 4.9 34.7 3.4 4.3 79.5 3.8 5.0 2.0 0.6 2.9 3 1 19.79
SF 82 36.3 17.7 6.9 15.9 43.8 1.4 4.1 33.1 2.5 3.8 64.3 4.4 2.0 1.1 0.6 1.7 1 0 13.10
PF 58 32.9 17.6 6.5 14.9 43.4 2.0 5.9 33.6 2.7 3.9 69.8 7.9 2.3 1.0 0.8 1.8 17 0 16.51
PF 59 28.0 17.6 5.7 12.4 45.8 2.3 5.6 41.5 4.0 4.5 88.0 9.3 1.7 0.7 0.4 1.5 31 0 22.44
SG 67 34.4 17.5 6.6 13.6 48.5 2.3 5.9 39.6 2.0 2.4 82.7 2.6 2.9 1.8 0.2 1.8 0 0 16.60
PG 75 31.7 17.3 6.5 14.3 45.0 1.5 4.0 37.0 2.9 3.6 80.1 4.1 4.8 0.8 0.2 2.2 3 0 16.64
C 73 33.0 17.2 5.9 14.2 42.0 1.5 4.4 34.1 3.8 4.6 83.4 8.1 4.2 0.7 1.4 2.7 25 1 17.42
SG 70 30.2 17.1 5.8 12.6 46.0 2.8 6.6 42.0 2.8 3.1 90.4 2.5 3.0 0.5 0.1 1.5 0 0 15.92
PG 81 31.7 16.7 5.9 13.1 45.1 2.0 5.4 37.8 2.8 3.1 90.5 3.7 3.4 1.0 0.3 2.1 1 0 16.17
C 81 30.4 16.6 6.2 11.2 55.5 0.0 0.1 14.3 4.1 7.2 57.4 12.5 1.3 0.6 1.6 2.6 53 0 20.56
PG 78 32.2 16.2 5.2 12.1 42.7 3.1 7.6 39.9 2.9 3.3 85.4 5.6 6.9 1.1 0.2 2.3 23 3 19.53
PF 78 32.1 16.2 6.1 15.0 40.4 2.2 6.1 35.7 1.9 2.5 76.7 5.8 1.3 0.6 0.6 1.3 6 0 12.78
PF 82 26.7 16.1 6.1 11.0 55.8 0.1 0.5 22.2 3.7 5.2 71.8 8.0 2.6 0.5 0.5 2.6 28 1 19.96
SF 77 31.2 16.1 6.1 13.5 45.0 2.1 5.6 36.6 1.9 2.7 70.7 6.3 1.8 0.6 0.4 1.8 17 0 14.22
SF 59 33.5 16.1 6.1 12.9 47.0 0.7 1.8 39.0 3.3 4.8 68.1 5.3 3.9 0.8 0.7 2.5 6 0 13.90
PG 81 33.7 15.8 6.7 12.3 54.5 0.0 0.1 0.0 2.4 4.2 56.0 8.1 8.2 1.7 0.9 3.4 38 12 20.03
SF 81 33.1 15.7 5.7 12.7 45.2 1.9 5.2 37.0 2.2 2.8 80.5 5.0 4.1 1.0 0.6 1.8 2 0 16.21
PF 68 29.7 15.2 5.5 12.7 43.4 2.1 5.9 36.2 2.1 2.4 84.3 7.5 1.2 0.6 0.6 1.2 14 0 15.68
PG 69 29.7 15.2 5.9 14.8 39.5 1.5 4.9 31.3 1.9 2.8 69.4 3.8 5.2 1.0 0.3 2.8 6 1 12.89
PG 61 33.7 15.1 5.6 13.2 42.4 2.2 5.9 37.8 1.7 2.6 64.2 2.4 4.0 1.2 0.3 1.8 0 0 12.60
C 78 33.7 15.0 6.0 11.3 52.9 0.0 0.1 0.0 3.1 5.1 60.5 16.0 3.0 1.5 1.6 2.6 62 0 22.94
SF 77 31.6 14.7 5.8 11.5 50.3 1.8 4.1 44.1 1.4 1.7 82.8 6.4 2.0 1.5 0.5 1.0 13 0 18.37
SG 60 26.9 14.7 5.4 12.5 42.9 2.1 5.6 38.1 1.9 2.2 86.0 2.8 1.6 0.8 0.2 1.2 0 0 14.38
PF 78 29.6 14.6 5.2 11.4 45.3 2.0 5.1 39.3 2.3 2.7 86.0 6.7 2.6 0.7 0.3 1.9 13 0 15.88
SG 70 30.7 14.5 5.3 11.5 46.5 1.7 4.4 39.5 2.1 3.3 64.4 4.9 1.6 1.0 0.4 1.8 2 0 13.69
F 59 25.6 14.5 6.1 12.9 47.3 0.9 2.5 34.7 1.4 1.8 78.5 6.7 2.2 0.7 0.2 2.0 8 0 17.41
C 79 26.4 14.3 6.1 12.0 50.5 0.0 0.1 0.0 2.2 3.5 63.0 9.0 1.8 0.8 1.4 2.3 27 0 19.28
SF 80 30.8 14.3 5.1 10.7 47.4 1.9 4.8 40.2 2.2 2.6 86.8 3.4 1.5 0.7 0.1 1.3 0 0 13.98
PG 70 33.0 14.2 5.1 11.3 44.6 1.2 3.3 36.8 2.9 3.4 84.5 3.0 7.0 1.5 0.3 2.5 13 0 16.44
PF 82 30.0 14.1 5.1 11.9 42.6 2.1 5.6 38.5 1.9 2.2 84.4 4.7 2.6 1.0 0.5 2.3 5 0 12.90
C 71 25.8 14.1 5.9 10.0 59.2 0.0 0.0 0.0 2.2 2.6 84.8 11.0 1.5 0.5 0.5 1.7 39 0 24.02
G 69 29.4 13.9 5.1 11.0 46.5 1.0 3.0 33.8 2.7 3.5 76.8 3.5 2.5 0.8 0.2 2.1 0 0 12.80
F 68 28.3 13.9 5.0 10.6 47.2 0.2 0.8 24.1 3.7 4.6 78.8 6.8 2.5 1.0 0.7 1.8 12 0 16.90
SF 80 30.5 13.9 5.0 10.4 47.5 1.3 3.0 43.4 2.7 3.2 82.6 5.0 1.6 1.0 0.7 1.4 4 0 15.29
C 76 32.7 13.9 5.9 9.4 62.9 0.0 0.0 0.0 2.1 3.8 55.9 9.0 1.2 1.2 1.0 1.7 28 0 20.69
PG 81 23.3 13.9 5.3 11.8 45.1 1.4 3.9 35.2 1.9 2.3 80.0 2.7 2.7 0.7 0.1 1.6 1 0 16.50
C 74 27.5 13.9 6.0 9.1 65.2 0.0 0.0 0.0 1.9 3.5 56.0 10.8 0.9 0.8 1.9 1.4 42 0 24.55
SG 80 25.3 13.5 5.2 11.7 44.6 2.2 5.1 43.1 0.9 1.0 87.7 3.8 1.9 1.1 0.3 1.6 0 0 16.13
F 73 29.9 13.5 4.5 10.8 41.4 2.0 5.4 37.1 2.6 3.4 76.4 6.6 2.0 0.8 0.4 1.4 13 0 14.31
SG 74 33.2 13.4 4.6 10.8 42.6 2.1 5.6 38.3 2.1 2.6 78.9 5.2 2.2 1.4 0.2 1.3 4 0 13.22
C 73 22.5 13.2 5.2 11.1 47.1 1.1 3.1 35.9 1.6 2.1 76.9 6.8 1.7 0.7 0.3 1.4 12 0 19.78
SG 75 29.3 13.2 4.5 11.0 40.8 2.7 7.1 37.8 1.5 1.8 85.2 4.3 1.6 0.6 0.5 1.0 0 0 12.33
F 74 22.3 13.2 5.5 10.9 50.7 0.5 1.2 39.5 1.7 2.1 78.0 5.6 1.7 0.5 0.6 1.9 10 0 17.89
SG 77 25.4 13.1 5.1 12.1 41.7 0.7 2.8 26.3 2.3 3.6 63.4 4.6 1.5 1.0 0.5 1.9 5 0 11.91
PG 77 29.3 13.1 4.5 10.7 41.8 1.2 3.5 35.2 2.9 3.3 86.6 4.6 5.3 1.6 0.1 2.7 11 0 15.43
C 74 23.4 13.0 5.0 10.7 46.5 1.5 4.4 34.5 1.5 2.1 70.3 4.0 1.7 0.4 1.3 1.3 4 0 16.52
SG 80 24.6 12.9 4.8 10.4 45.7 1.2 3.2 37.0 2.2 2.6 86.1 4.1 2.3 0.8 0.4 1.2 0 0 17.08
SG 81 33.2 12.9 4.9 10.9 45.1 1.6 4.1 37.8 1.5 1.8 84.5 3.5 2.9 1.5 0.9 1.7 0 0 13.60
C 72 31.6 12.9 5.1 10.5 48.9 1.3 3.1 42.9 1.3 1.7 78.3 7.4 4.7 0.6 1.1 1.8 15 0 17.63
SF 65 27.5 12.9 4.4 10.4 42.0 1.7 4.2 39.4 2.5 3.1 79.6 3.8 3.5 1.5 0.7 2.4 0 0 14.51
C 73 28.0 12.8 5.3 10.6 50.2 0.0 0.2 25.0 2.1 3.4 61.9 7.0 2.4 1.1 0.9 1.5 12 0 17.61
C 65 28.2 12.7 4.7 9.8 47.9 0.9 2.4 35.7 2.5 3.2 77.7 6.4 1.3 0.6 1.8 1.5 11 0 16.65
SG 63 33.8 12.7 4.5 11.1 40.6 2.4 6.4 38.1 1.3 1.6 82.2 3.1 2.7 1.2 0.3 1.3 0 0 11.49
C 77 22.4 12.7 5.1 8.9 56.8 0.4 1.0 40.5 2.2 2.7 80.6 8.6 1.1 0.4 0.9 1.5 26 0 22.52
PG 63 28.7 12.7 5.2 10.6 49.3 0.5 1.5 32.6 1.7 2.7 64.9 4.3 6.2 1.3 0.3 2.7 8 2 16.60
C 76 27.5 12.6 5.0 10.3 48.3 1.4 3.9 36.0 1.2 1.6 79.7 6.3 0.8 0.4 1.3 1.2 8 0 14.72
PF 80 31.6 12.6 4.3 10.5 41.3 2.5 6.9 36.9 1.5 1.7 85.3 5.4 2.0 1.7 0.9 1.6 7 0 12.98
PG 80 28.8 12.6 4.1 10.5 38.7 1.8 5.4 32.6 2.7 3.4 81.3 3.2 6.6 0.9 0.3 1.6 7 0 15.89
SG 82 31.5 12.5 5.2 10.1 50.8 1.6 3.7 42.5 0.6 0.8 70.6 2.9 2.3 1.0 0.1 1.2 0 0 12.18
G 69 29.2 12.4 4.6 9.2 49.5 1.4 3.0 46.8 1.8 2.1 88.2 2.6 5.3 1.3 0.2 1.2 6 0 18.86
C 77 28.0 12.3 5.1 9.1 56.3 0.2 0.8 22.2 1.8 2.8 65.1 7.2 1.3 0.7 1.1 1.1 15 0 18.82
C 82 33.3 12.2 5.2 9.0 57.7 0.1 0.4 20.0 1.7 2.3 76.8 7.1 1.2 0.8 0.7 1.1 18 0 15.45
SG 72 31.5 12.2 4.0 10.9 37.1 2.2 6.2 35.9 1.9 2.3 82.3 4.0 2.1 1.1 0.4 1.3 2 0 10.81
G 80 24.3 12.1 4.2 9.6 44.1 1.9 4.9 37.7 1.9 2.0 90.8 1.9 1.9 0.8 0.2 1.2 0 0 14.20
SG 71 26.3 12.1 4.5 10.4 43.5 1.2 3.5 34.7 1.9 2.6 71.1 3.7 4.2 1.2 0.3 2.2 3 0 14.30
F 77 24.7 12.0 4.5 9.8 45.6 1.8 4.4 40.9 1.3 1.4 89.8 5.7 1.6 0.6 0.6 0.7 5 0 16.76
C 77 31.5 12.0 4.8 7.5 64.5 0.0 0.0 0.0 2.4 4.1 58.0 15.2 1.5 0.5 0.9 1.8 46 0 20.17
G 76 30.4 12.0 4.5 9.9 45.4 1.5 3.7 40.6 1.5 1.6 91.9 2.9 2.4 1.1 0.2 1.1 1 0 13.06
C 64 26.4 11.8 5.3 10.1 53.0 0.1 0.2 28.6 1.1 1.4 75.6 4.5 1.9 0.2 0.8 1.7 3 0 14.77
PF 81 32.2 11.8 5.2 10.7 48.7 0.7 2.2 32.0 0.7 1.1 59.8 6.3 1.9 1.7 0.4 1.3 9 0 14.83
SG 81 27.5 11.8 3.9 9.8 40.3 1.6 4.6 34.1 2.4 2.9 82.0 4.5 1.2 1.0 0.4 1.1 0 0 11.99
SG 78 27.9 11.8 4.4 9.9 44.6 1.7 4.2 39.2 1.3 1.5 84.0 2.9 3.3 0.9 0.2 1.6 0 0 13.51
SG 72 28.5 11.7 4.3 9.9 43.5 1.7 4.5 36.7 1.5 1.8 82.2 3.4 2.3 0.8 0.5 1.1 0 0 13.07
SF 67 33.9 11.7 4.0 9.7 41.2 2.5 6.9 36.8 1.1 1.3 85.4 4.4 1.6 1.5 0.2 0.8 1 0 11.80
PF 74 24.5 11.6 4.6 8.9 51.4 0.2 0.5 35.1 2.3 3.0 75.0 7.7 2.0 0.5 0.4 1.9 15 0 17.57
G 69 23.2 11.6 4.4 10.0 43.9 1.7 4.5 36.7 1.2 1.5 78.4 2.9 6.3 0.5 0.0 2.1 6 0 17.84
PF 64 31.0 11.6 4.2 10.2 41.5 1.4 4.3 33.6 1.7 2.0 83.1 4.8 5.5 1.0 0.4 2.0 7 2 14.45
PG 73 27.8 11.6 4.5 10.9 41.2 0.6 2.1 30.7 1.9 2.7 72.3 2.8 4.4 1.0 0.3 2.4 3 0 11.28
PF 73 27.0 11.5 4.5 9.4 48.0 1.0 2.8 36.7 1.4 1.8 82.0 5.6 1.9 0.8 0.5 1.7 5 0 13.30
PF 76 23.4 11.5 4.2 8.4 49.7 1.4 3.7 37.9 1.8 2.3 77.0 5.7 2.7 0.8 0.5 1.9 7 0 17.82
SF 82 31.5 11.5 4.1 8.8 46.7 2.5 5.7 44.0 0.8 1.0 79.5 4.2 4.8 1.1 0.2 1.9 4 0 14.42
G 67 22.9 11.4 4.5 10.2 43.8 0.5 1.7 28.8 2.0 2.8 71.4 3.8 3.4 0.9 0.7 2.1 3 0 15.09
SF 62 27.9 11.3 4.3 8.8 48.9 2.0 4.5 44.5 0.6 0.8 79.6 2.5 1.5 0.8 0.2 0.8 0 0 13.66
SG 80 25.9 11.3 4.0 10.0 39.5 1.9 5.0 38.1 1.4 1.9 77.2 4.7 2.9 1.0 0.2 1.0 1 1 15.12
SG 77 26.5 11.2 3.7 9.1 40.7 2.9 7.5 39.2 0.9 1.0 85.9 2.8 1.0 0.7 0.1 0.7 0 0 12.54
PF 79 23.2 11.1 3.9 9.1 42.9 1.3 3.5 38.0 2.0 2.5 79.9 3.6 1.6 0.5 0.2 0.8 0 0 14.42
PF 70 32.7 11.0 4.0 8.8 45.4 1.1 3.7 30.1 1.9 2.5 77.5 7.6 7.3 1.4 1.3 2.9 23 3 16.10
C 76 17.0 11.0 4.6 7.2 63.5 0.0 0.1 14.3 1.8 2.9 62.6 4.0 1.0 0.5 0.7 0.9 0 0 24.73
SG 82 28.7 11.0 4.1 9.4 44.0 1.1 3.2 35.6 1.5 2.0 74.7 3.1 1.6 0.9 0.2 1.5 0 0 9.89
PG 82 24.9 10.9 4.7 9.8 48.6 0.4 1.2 34.7 1.0 1.4 69.8 2.7 4.4 0.8 0.2 1.3 3 0 15.50
F 69 25.1 10.9 4.0 8.9 45.2 1.3 3.7 36.0 1.5 2.0 77.8 5.9 1.3 0.9 0.4 1.0 7 0 14.94
PF 78 23.4 10.8 3.8 7.9 47.7 0.7 2.2 31.2 2.6 3.0 86.8 3.1 1.3 0.5 0.4 1.0 1 0 14.80
SF 78 25.3 10.8 3.9 8.0 49.1 1.9 4.6 41.9 1.1 1.3 82.7 3.3 1.6 0.4 0.3 1.2 2 0 13.39
PF 73 26.6 10.8 4.2 8.4 50.3 0.8 2.5 30.8 1.5 2.2 69.8 4.9 3.8 1.0 0.7 1.9 6 0 15.82
PF 74 24.1 10.5 4.2 7.4 57.6 0.2 0.6 34.0 1.8 2.5 71.5 7.3 1.3 0.6 1.1 1.4 11 0 18.33
G 80 20.7 10.3 3.9 9.3 41.5 1.3 3.9 33.1 1.3 1.4 90.3 1.2 2.3 0.5 0.1 1.2 0 0 13.06
G 82 27.8 10.2 3.8 8.9 42.6 1.6 4.4 37.3 1.0 1.3 79.6 3.0 2.5 0.8 0.1 1.0 3 0 11.48
PG 75 23.5 10.2 3.3 7.2 45.2 1.5 3.6 41.9 2.2 2.5 86.8 2.1 3.8 0.7 0.0 1.6 2 0 15.40
SG 77 27.2 10.2 3.9 9.4 41.7 1.9 4.8 38.6 0.5 0.7 74.5 5.1 3.2 0.8 0.1 1.3 5 0 12.12
PF 77 23.5 10.1 3.7 8.1 45.8 0.6 1.6 35.8 2.1 2.7 75.6 8.0 3.1 0.3 1.0 1.4 16 1 18.98
PG 82 25.7 10.0 3.4 8.3 41.1 1.9 5.0 37.2 1.3 1.4 89.0 1.9 2.8 0.7 0.1 1.3 0 0 11.89
SG 70 19.1 10.0 3.2 8.6 37.9 2.3 6.5 36.1 1.2 1.4 83.5 2.2 0.8 0.5 0.3 0.6 0 0 13.08
F 74 31.6 10.0 3.8 8.5 44.5 1.2 3.3 35.8 1.2 1.5 77.2 5.4 2.1 0.6 0.5 1.2 4 0 10.99
PG 67 27.0 10.0 3.5 7.7 46.0 1.3 3.1 41.5 1.6 2.1 78.6 2.7 2.8 0.9 0.4 1.3 0 0 13.35
C 62 24.9 10.0 4.0 7.7 52.4 0.8 2.3 35.5 1.1 1.4 77.9 7.9 1.5 0.6 0.8 1.4 15 0 15.85
PF 73 19.1 9.9 3.7 7.5 49.1 1.1 3.0 38.1 1.4 2.0 70.6 4.8 1.2 0.4 0.5 0.8 6 0 17.95
PF 80 26.1 9.7 3.4 8.4 40.4 1.4 4.3 32.3 1.5 1.9 81.8 3.4 1.2 0.8 0.3 0.9 0 0 10.44
F 75 22.1 9.6 3.6 8.2 44.2 1.2 3.6 33.7 1.1 1.4 81.9 3.7 1.4 1.1 0.4 1.1 2 0 13.73
F 78 25.7 9.5 3.3 7.2 45.8 1.6 3.9 41.3 1.3 1.6 82.9 4.7 1.2 0.7 0.5 0.8 3 0 13.90
PF 66 26.1 9.3 3.1 7.3 43.1 2.0 5.1 38.6 1.1 1.4 77.4 5.0 0.9 0.4 0.3 0.6 2 0 12.60
PF 69 30.0 9.3 3.3 8.4 39.5 1.8 4.9 36.9 0.9 1.2 73.8 7.6 1.2 1.1 0.6 1.1 9 0 12.02
G 82 22.6 9.2 3.7 8.6 42.7 0.8 2.8 28.9 1.0 1.5 66.1 5.2 2.9 0.6 0.2 1.6 3 0 12.47
G 73 21.6 9.2 3.0 6.6 45.9 2.2 5.2 43.6 0.9 1.0 88.9 2.3 1.2 0.4 0.4 0.8 0 0 13.41
F 74 25.0 9.2 3.8 7.6 50.4 0.0 0.0 0.0 1.6 2.3 68.4 4.1 1.0 0.7 0.4 0.7 2 0 12.54
F 79 22.2 8.9 2.8 6.0 46.4 2.0 4.6 43.6 1.3 1.7 79.7 3.1 1.1 0.4 0.3 0.7 1 0 13.89
G 79 20.5 8.9 2.9 7.3 40.3 2.3 5.8 40.0 0.7 0.8 87.5 1.6 0.6 0.3 0.1 0.7 0 0 9.86
G 65 20.0 8.9 3.1 7.1 43.4 1.0 3.0 33.3 1.7 2.0 84.0 2.2 2.5 0.7 0.2 1.6 0 0 12.95
PF 76 18.5 8.8 3.6 6.9 52.7 0.9 2.1 40.5 0.7 1.0 65.8 3.3 1.1 0.3 0.1 1.0 0 0 13.72
F 76 25.9 8.8 3.8 6.6 57.2 0.0 0.1 14.3 1.2 2.1 57.0 6.8 1.5 0.6 1.4 1.1 10 0 15.78
F 60 20.7 8.7 3.4 7.6 44.8 0.3 0.9 35.3 1.6 2.0 80.5 4.8 1.2 0.4 0.8 1.2 3 0 14.33
G 74 20.7 8.7 3.0 7.2 42.0 1.1 2.9 37.6 1.6 1.9 84.1 2.3 2.0 1.1 0.2 1.2 0 0 14.18
PF 66 21.5 8.7 3.6 6.3 58.1 0.0 0.2 16.7 1.4 2.1 66.4 6.8 1.2 1.3 0.6 0.8 11 0 20.18
SF 69 27.4 8.7 3.0 8.1 37.5 1.0 3.4 28.6 1.6 2.1 77.2 3.7 1.6 1.4 0.2 1.1 2 0 9.08
G 64 19.4 8.6 3.2 8.2 38.8 0.7 2.3 31.8 1.5 2.0 76.0 2.4 3.2 0.6 0.2 1.8 1 0 11.51
SG 76 20.0 8.6 3.1 7.2 42.6 1.4 3.4 41.4 1.1 1.3 83.2 2.4 3.2 0.9 0.3 1.0 0 0 15.90
SF 70 25.6 8.6 3.1 8.0 38.7 1.7 4.6 36.3 0.7 0.9 76.9 3.6 1.6 0.9 1.1 1.1 0 0 11.38
C 69 20.2 8.5 3.1 5.5 56.6 0.0 0.0 33.3 2.3 3.3 68.4 7.5 1.2 0.4 0.9 1.1 12 0 19.37
C 79 21.2 8.5 3.2 5.4 59.3 0.4 1.1 33.3 1.7 2.3 71.9 5.6 1.2 0.8 0.4 0.7 5 0 18.82
SF 81 20.3 8.4 3.0 5.6 53.5 0.4 1.4 29.1 2.0 3.0 67.5 3.9 0.7 0.4 1.0 0.7 2 0 16.19
SG 65 24.8 8.4 3.1 7.3 41.8 1.4 3.5 39.2 0.9 1.2 76.9 2.3 1.9 0.9 0.4 1.2 0 0 10.29
C 82 25.3 8.4 3.5 6.8 51.8 0.0 0.0 0.0 1.3 2.0 67.5 7.6 1.8 0.5 0.7 1.2 15 0 14.70
G 71 18.9 8.4 2.6 6.4 41.2 1.1 3.2 34.8 2.0 2.4 83.5 1.8 2.1 0.7 0.2 1.1 0 0 13.08
G 74 22.8 8.4 2.8 6.8 41.6 0.8 2.5 32.6 1.9 2.5 74.5 2.3 4.6 0.9 0.1 1.2 5 0 14.30
G 80 28.1 8.3 3.0 7.4 40.3 1.8 4.8 37.5 0.5 0.7 69.6 2.9 1.8 0.9 0.1 1.0 0 0 8.48
PG 65 26.2 8.3 3.6 7.6 46.8 0.8 2.3 33.3 0.4 0.7 54.3 4.0 8.2 1.1 0.2 2.3 15 2 15.28
G 79 25.7 8.2 3.3 7.3 44.7 0.5 1.7 31.8 1.2 1.4 85.0 3.1 2.2 0.6 0.4 1.3 0 0 9.88
C 72 20.0 8.2 3.3 5.5 58.9 0.1 0.2 33.3 1.6 2.0 77.6 5.4 0.7 0.4 1.2 1.1 4 0 17.56
PG 81 21.5 8.1 3.3 7.5 44.3 0.1 0.4 26.5 1.3 1.8 70.9 5.7 2.9 1.2 0.4 1.7 7 0 15.09
SG 69 20.8 8.0 2.9 6.3 46.5 0.8 2.2 36.6 1.4 1.7 82.9 2.9 2.9 1.0 0.5 1.1 1 0 16.49
SG 70 23.5 7.9 2.9 6.0 47.8 0.3 0.7 34.6 1.9 2.9 65.5 4.7 1.5 0.8 0.4 1.1 3 0 12.26
SG 82 27.0 7.9 3.1 7.4 42.4 0.8 2.3 35.3 0.9 1.1 74.5 3.2 3.2 1.0 0.2 1.1 1 0 10.99
SF 74 26.7 7.9 3.1 5.9 52.7 0.3 0.8 33.3 1.4 2.0 71.2 5.4 2.7 1.6 0.8 1.3 6 0 15.91
SG 63 23.2 7.9 2.8 6.0 46.9 1.2 3.1 39.6 1.0 1.5 70.2 4.2 1.3 0.7 0.3 0.7 8 0 12.25
G 71 23.4 7.8 3.0 7.8 38.8 0.6 2.1 28.8 1.2 1.4 83.2 1.8 4.4 1.0 0.1 1.8 4 0 10.13
PF 68 24.7 7.8 3.0 7.2 42.4 0.7 1.9 38.0 1.0 1.5 63.5 5.4 2.2 0.8 0.5 1.1 2 0 11.56
SF 81 21.8 7.8 2.9 6.3 46.7 1.1 2.7 42.6 0.8 1.0 79.0 2.5 1.0 0.2 0.2 0.7 0 0 10.46
SF 82 23.7 7.8 2.6 5.9 44.4 1.8 4.4 41.1 0.7 0.8 86.6 2.0 1.4 0.3 0.2 0.7 0 0 9.32
F 73 22.8 7.7 3.0 6.8 44.6 0.5 1.3 34.7 1.2 1.6 76.7 4.4 1.0 0.5 0.7 1.2 2 0 10.52
SF 72 21.2 7.7 2.8 6.6 42.3 0.8 2.6 29.5 1.3 2.2 60.8 5.5 1.2 0.7 1.0 1.5 5 0 11.14
SG 64 16.5 7.7 2.7 6.5 41.1 0.7 2.2 33.1 1.7 1.9 86.3 3.0 1.0 0.6 0.1 0.9 0 0 13.13
G 66 21.5 7.7 2.5 6.7 37.9 0.8 2.9 27.7 1.8 2.1 85.5 2.4 3.0 1.2 0.2 1.8 1 0 10.39
SG 73 20.0 7.6 2.8 6.4 44.3 1.1 2.7 41.5 0.9 1.0 85.5 2.4 1.7 0.6 0.2 0.9 1 0 12.19
F 61 25.6 7.5 2.7 5.7 48.1 1.0 2.8 36.4 1.1 1.6 68.4 3.0 0.9 1.2 0.4 1.1 0 0 10.29
G 62 25.0 7.5 3.0 7.1 42.7 0.4 1.4 29.1 1.0 1.2 84.0 3.1 5.6 0.6 0.1 1.9 3 1 11.50
G 74 19.6 7.4 3.0 6.7 44.8 0.8 2.6 31.8 0.6 0.8 76.3 1.7 1.5 0.4 0.1 0.8 0 0 9.45
PF 81 20.7 7.3 3.1 6.1 50.8 0.4 1.6 22.0 0.7 1.1 62.1 4.5 2.0 0.8 0.5 0.8 0 0 14.54
G 80 17.4 7.3 2.5 6.1 41.2 1.5 4.1 37.7 0.7 0.8 86.2 1.6 0.5 0.5 0.1 0.5 0 0 10.10
SG 73 22.5 7.2 2.8 5.3 52.3 0.6 1.4 46.5 1.0 1.3 78.1 3.2 3.9 0.7 0.2 1.1 0 0 15.35
C 77 18.0 7.1 2.9 5.0 58.3 0.1 0.2 23.5 1.3 1.6 77.2 6.1 2.1 0.5 1.3 1.3 8 0 20.01
SF 72 22.3 7.1 2.5 5.3 47.4 0.7 2.1 33.3 1.3 1.6 83.6 3.1 1.0 0.7 0.3 0.8 1 0 11.66
C 74 19.5 7.1 3.0 5.0 60.1 0.0 0.0 0.0 1.1 2.4 45.8 5.4 1.9 0.7 1.1 1.4 3 0 17.00
SG 80 19.0 6.9 2.6 6.2 42.1 1.1 2.9 39.0 0.6 0.9 66.7 1.4 1.0 0.4 0.0 0.5 0 0 9.19
C 82 18.6 6.9 3.1 4.7 65.9 0.0 0.0 50.0 0.7 1.2 59.4 4.8 0.7 0.5 1.2 1.0 4 0 17.55
C 69 19.8 6.9 2.5 4.9 51.2 0.0 0.1 0.0 1.9 2.6 72.1 5.5 1.5 0.5 0.6 1.0 7 0 15.74
G 82 16.6 6.9 2.7 6.7 40.7 1.0 2.8 35.4 0.4 0.5 81.8 1.9 2.5 0.6 0.2 0.9 0 0 13.11
SG 75 27.4 6.9 2.5 5.7 43.5 1.4 3.6 40.3 0.5 0.6 79.2 1.9 1.3 0.6 0.4 0.5 0 0 8.49
G 69 19.8 6.9 2.6 6.0 43.0 0.7 2.0 34.5 1.0 1.4 71.1 2.4 3.9 0.8 0.1 1.3 1 0 13.35
F 73 13.7 6.8 3.0 5.2 57.1 0.0 0.1 37.5 0.8 1.1 75.9 3.3 1.9 0.6 1.0 1.1 0 0 21.01
PF 67 20.5 6.8 2.6 5.5 46.1 1.1 2.7 41.5 0.5 0.7 80.0 4.1 1.3 0.7 0.2 0.8 1 0 12.62
C 71 19.6 6.7 3.1 5.5 57.1 0.0 0.0 0.0 0.5 1.0 44.6 6.6 1.2 0.7 0.5 0.7 6 0 17.56
SG 63 13.5 6.7 2.4 6.7 36.0 1.3 3.9 34.2 0.5 0.6 84.2 1.0 1.4 0.3 0.1 0.8 0 0 10.32
C 66 16.8 6.7 2.8 5.1 56.0 0.2 0.4 35.7 0.9 1.2 72.2 4.6 0.7 0.2 0.5 0.7 0 0 16.01
SF 68 22.1 6.7 2.7 6.2 44.2 0.8 2.7 30.8 0.4 0.5 72.2 2.8 1.1 0.4 0.2 0.6 0 0 9.25
G 67 17.4 6.6 2.4 5.8 41.8 0.3 1.2 25.0 1.5 2.1 70.2 1.4 3.1 0.5 0.1 1.3 0 0 10.94
SF 59 21.4 6.5 2.5 5.0 49.5 0.8 2.0 41.5 0.7 1.0 71.2 2.7 0.9 0.8 0.7 0.7 0 0 12.59
F 82 25.2 6.5 2.3 5.9 38.6 1.4 3.9 36.6 0.5 0.6 76.5 4.4 1.6 0.3 0.6 1.4 3 0 7.11
G 77 14.5 6.3 2.0 5.1 39.9 0.9 2.7 34.3 1.3 1.5 86.3 1.6 0.9 0.4 0.1 0.5 0 0 12.44
F 68 17.0 6.3 2.6 5.0 51.6 0.1 0.5 24.2 1.0 1.4 71.0 4.7 1.2 0.4 0.3 0.9 4 0 14.91
PG 76 22.4 6.3 2.8 5.5 49.9 0.4 0.8 43.5 0.4 0.5 79.5 3.0 4.0 1.2 0.2 1.5 2 1 12.51
SG 58 14.9 6.2 2.2 5.9 37.1 1.3 3.8 34.4 0.6 0.7 80.5 1.6 1.0 0.6 0.1 0.3 0 0 12.27
PF 82 27.8 6.1 2.1 5.4 39.0 1.4 3.8 37.1 0.5 0.7 71.7 5.6 0.9 1.0 0.3 0.9 3 0 8.36
SF 64 25.4 6.0 2.3 5.0 46.3 0.5 1.8 28.2 0.9 1.4 63.2 3.8 3.3 0.8 0.6 1.0 0 0 11.22
C 81 18.3 6.0 2.6 5.5 47.1 0.0 0.3 14.3 0.7 1.0 75.6 5.4 1.1 0.3 0.6 1.0 4 0 12.09
C 79 16.9 5.9 2.4 4.9 47.9 0.2 0.8 31.1 1.0 1.3 77.5 4.6 0.9 0.6 0.5 0.7 2 0 14.69
PG 78 21.9 5.9 2.3 6.4 36.4 0.6 2.0 31.8 0.6 0.9 72.1 2.3 3.2 0.8 0.2 1.7 1 0 7.11
SF 77 14.1 5.9 2.1 4.8 44.0 1.2 3.3 37.3 0.5 0.6 81.6 2.0 1.0 0.3 0.4 0.5 0 0 14.13
SF 74 20.0 5.9 2.2 4.7 47.1 1.0 2.7 37.1 0.5 0.8 62.9 2.5 0.7 0.7 0.2 0.6 0 0 10.00
F 70 19.4 5.9 1.9 5.2 35.6 1.5 4.2 34.9 0.7 0.9 81.7 3.7 0.8 0.5 0.4 0.9 0 0 8.23
F 62 15.2 5.8 2.6 4.3 60.8 0.0 0.0 0.0 0.6 0.9 66.7 4.0 0.6 0.2 0.6 0.5 1 0 16.69
F 74 15.3 5.8 2.1 4.6 46.6 0.9 2.1 41.4 0.6 0.8 80.7 3.3 0.6 0.3 0.2 0.4 0 0 13.25
F 73 21.4 5.7 2.2 5.0 45.1 0.8 2.3 34.5 0.4 0.7 59.6 4.1 0.7 0.5 0.4 0.5 1 0 10.00
C 82 18.2 5.7 2.2 4.3 52.0 0.0 0.0 0.0 1.2 1.9 65.0 5.7 0.8 0.3 1.2 1.0 7 0 14.15
G 71 15.9 5.5 2.4 4.8 50.1 0.0 0.1 0.0 0.7 0.9 82.0 1.8 2.0 0.5 0.3 0.8 0 0 11.64
SG 70 15.2 5.5 2.1 5.3 40.1 0.8 2.7 28.5 0.5 0.6 82.1 1.7 1.3 0.5 0.2 0.9 0 0 8.57
F 74 20.1 5.4 2.0 5.0 40.8 0.8 2.4 33.9 0.6 0.8 74.1 2.9 0.8 1.0 0.8 0.7 1 0 9.81
C 69 14.1 5.4 2.2 3.8 56.4 0.0 0.0 0.0 1.1 1.3 80.6 4.7 1.6 0.6 0.2 1.0 2 0 17.00
G 58 17.7 5.4 2.0 4.9 40.3 1.0 2.8 34.5 0.5 0.6 75.7 2.6 1.2 0.7 0.4 0.6 0 0 10.80
SG 82 18.1 5.4 2.0 4.8 42.3 0.9 2.6 35.2 0.5 0.5 84.1 2.0 1.1 0.3 0.3 0.5 0 0 9.35
PF 72 16.8 5.4 2.1 4.3 48.9 0.6 1.8 31.3 0.6 0.8 74.6 3.3 0.7 0.4 0.7 0.4 1 0 13.45
F 78 18.9 5.3 2.2 3.7 58.2 0.0 0.0 0.0 0.9 1.4 66.7 7.4 0.5 0.4 0.7 0.8 6 0 15.55
F 72 16.8 5.3 2.0 4.4 44.9 0.4 1.5 28.2 0.9 1.3 72.2 2.1 0.9 1.1 0.2 0.7 0 0 11.19
C 63 14.8 5.3 2.0 3.7 54.1 0.3 0.9 31.0 1.0 1.3 75.3 4.3 0.9 0.5 0.8 0.9 2 0 16.16
PG 82 17.9 5.1 1.8 4.0 45.7 0.5 1.6 34.9 0.9 1.0 87.7 1.6 2.8 1.2 0.1 0.7 0 0 14.10
PF 69 16.7 5.0 1.7 4.1 42.3 0.6 1.7 35.6 0.9 1.1 80.3 3.4 1.4 0.5 0.2 0.8 1 0 10.84
F 74 16.7 4.8 1.8 4.3 41.1 0.4 1.4 29.8 0.9 1.3 69.9 3.0 0.6 0.5 0.7 0.6 0 0 10.22
C 65 9.5 4.8 2.1 3.4 62.1 0.0 0.1 0.0 0.6 0.8 73.1 2.6 0.5 0.3 0.9 0.4 0 0 22.39
C 77 14.9 4.8 1.8 3.2 55.6 0.0 0.0 0.0 1.2 1.7 70.3 4.1 0.7 0.5 0.5 1.3 1 0 12.25
G 75 15.1 4.7 1.5 3.9 39.5 1.1 2.9 38.0 0.5 0.6 84.8 1.5 0.4 0.5 0.1 0.3 0 0 9.03
F 74 15.8 4.6 1.9 3.5 53.8 0.1 0.4 31.3 0.7 1.1 61.2 4.5 1.6 0.6 0.6 0.7 1 0 14.90
PF 66 15.8 4.4 1.7 4.4 39.8 0.5 1.7 31.0 0.4 0.6 64.3 3.3 0.8 0.3 0.5 0.9 0 0 7.56
F 63 16.7 4.3 1.5 3.5 43.4 0.6 1.5 41.2 0.7 0.9 69.5 1.9 0.9 0.5 0.0 0.4 0 0 9.00
F 73 12.1 4.2 1.8 3.5 49.4 0.1 0.8 16.7 0.5 0.8 66.1 2.4 0.5 0.3 0.1 0.5 0 0 11.56
F 73 18.5 4.1 1.4 3.7 38.2 0.7 1.7 40.3 0.6 0.7 83.0 2.4 0.6 0.4 0.2 0.6 0 0 6.33
PF 66 13.8 4.0 1.7 2.9 58.0 0.0 0.1 20.0 0.6 1.2 54.5 3.3 0.6 0.5 0.8 0.5 0 0 14.82
SF 61 11.0 3.9 1.5 3.0 48.4 0.5 1.4 36.8 0.4 0.8 56.5 2.0 0.7 0.4 0.0 0.5 0 0 11.06
PF 82 15.5 3.9 1.3 3.2 39.8 0.8 2.1 38.6 0.5 0.6 87.0 2.4 0.7 0.6 0.3 0.4 0 0 10.00
SG 73 15.8 3.9 1.4 3.2 42.9 0.3 0.8 37.7 0.8 1.2 67.0 1.9 0.9 0.7 0.3 0.7 0 0 8.22
SF 62 16.5 3.7 1.5 3.5 42.7 0.1 0.7 19.6 0.5 0.8 72.3 2.2 0.9 0.5 0.2 0.5 0 0 7.83
C 61 12.0 3.5 1.4 2.2 64.2 0.0 0.0 0.0 0.6 1.1 57.6 4.0 0.6 0.4 1.1 0.6 1 0 17.81
SG 62 9.5 3.2 1.2 2.9 41.0 0.5 1.3 34.1 0.4 0.5 66.7 1.1 0.5 0.2 0.1 0.4 0 0 9.03
SF 61 12.5 3.1 1.1 2.8 41.4 0.7 2.0 33.3 0.1 0.2 90.0 0.8 0.3 0.4 0.2 0.2 0 0 7.43
G 59 14.2 3.0 1.2 2.9 39.5 0.3 0.9 30.4 0.4 0.5 76.7 1.9 3.3 0.8 0.1 1.0 0 0 11.32
PF 73 15.8 2.7 0.9 2.6 34.6 0.5 1.7 32.0 0.3 0.6 61.0 2.2 0.3 0.3 0.1 0.3 0 0 4.57
F 63 12.9 2.6 1.0 1.9 50.0 0.0 0.0 0.0 0.7 0.9 75.0 2.4 0.8 0.7 1.2 0.3 0 0 15.19
F 69 14.2 2.3 0.9 2.6 33.0 0.5 1.7 28.7 0.1 0.3 30.0 2.3 0.3 0.2 0.6 0.4 0 0 5.39
G 64 9.0 2.3 0.9 2.0 43.3 0.2 0.8 27.8 0.3 0.7 51.2 1.1 0.6 0.4 0.1 0.5 0 0 7.48
C 67 12.0 2.1 1.0 1.8 54.1 0.0 0.0 0.0 0.2 0.4 37.9 4.1 1.2 0.5 0.8 0.6 2 0 13.99
G 58 12.5 1.7 0.7 1.8 37.7 0.3 0.9 35.8 0.0 0.1 40.0 1.3 0.8 0.6 0.2 0.3 0 0 5.97
