PG 81 34.6 31.6 10.2 24.0 42.5 2.5 7.2 34.3 8.8 10.4 84.5 10.7 10.4 1.6 0.4 5.4 62 42 30.70
SG 81 36.4 29.1 8.3 18.9 44.0 3.2 9.3 34.7 9.2 10.9 84.7 8.1 11.2 1.5 0.5 5.7 64 22 27.43
PG 76 33.8 28.9 9.0 19.4 46.3 3.2 8.5 37.9 7.8 8.5 90.9 2.7 5.9 0.9 0.2 2.8 5 0 26.59
PF 75 36.1 28.0 10.3 20.3 50.5 0.5 1.8 29.9 6.9 8.6 80.2 11.8 2.1 1.3 2.2 2.4 49 0 27.59
SF 74 35.4 27.3 9.7 20.9 46.7 0.4 1.7 26.6 7.4 8.7 84.2 5.2 3.9 1.1 0.2 2.4 5 0 24.09
PG 75 35.9 27.0 8.8 19.8 44.4 2.9 7.7 37.0 6.5 7.3 89.5 4.9 5.9 0.9 0.3 2.6 11 0 24.15
C 72 34.2 27.0 9.0 19.9 45.2 1.8 5.0 36.1 7.2 9.3 77.2 11.0 4.6 1.4 1.3 3.7 46 2 25.84
SF 74 37.8 26.4 9.9 18.2 54.8 1.7 4.6 36.3 4.8 7.2 67.4 8.6 8.7 1.2 0.6 4.1 42 13 27.11
SF 74 33.4 25.5 8.6 17.7 48.5 2.0 5.2 38.0 6.3 7.2 88.0 5.8 3.5 1.8 0.7 2.1 9 0 27.62
PG 79 33.4 25.3 8.5 18.3 46.8 4.1 10.0 41.1 4.1 4.6 89.8 4.5 6.6 1.8 0.2 3.0 9 0 24.74
PG 72 35.1 25.2 9.3 19.7 47.3 2.5 6.1 40.1 4.1 4.6 90.5 3.2 5.8 1.2 0.3 2.5 8 0 23.09
C 82 37.0 25.1 9.8 18.0 54.2 1.2 3.4 36.7 4.3 5.2 83.2 12.3 2.7 0.7 1.3 2.6 62 1 26.00
PF 62 33.4 25.1 8.9 16.5 53.7 1.9 5.0 37.5 5.4 6.2 87.5 8.3 4.8 1.1 1.6 2.2 23 1 27.68
SF 76 37.0 23.9 7.5 16.5 45.5 1.2 3.3 36.7 7.7 8.9 86.5 6.2 5.5 1.9 0.4 2.1 15 2 25.19
SG 75 35.9 23.7 8.3 18.0 46.1 2.6 6.6 39.3 4.5 5.0 89.8 6.6 3.3 1.6 0.4 2.9 11 0 20.30
SF 82 37.2 23.6 8.6 19.1 45.2 1.3 3.5 35.6 5.0 6.6 76.0 4.0 2.3 1.0 0.4 2.3 1 0 16.62
PG 79 34.7 23.2 8.1 18.3 44.4 3.0 7.6 39.9 3.8 4.5 84.7 3.9 5.5 1.1 0.3 2.1 8 0 21.41
PG 78 36.4 23.1 8.3 18.4 45.1 1.1 3.5 32.7 5.4 6.8 80.1 4.2 10.7 2.0 0.6 4.1 50 0 23.28
SG 77 34.9 23.1 8.3 17.2 48.2 2.9 7.2 40.4 3.7 4.4 82.5 3.1 3.5 1.1 0.3 2.0 1 0 20.21
SG 80 35.0 23.0 8.7 18.0 48.0 2.3 5.5 42.1 3.4 3.7 91.2 3.6 3.6 0.9 0.5 2.2 1 0 19.99
PF 80 35.6 22.9 8.2 15.7 52.1 0.6 2.3 27.2 5.9 7.7 77.0 8.8 5.4 1.6 1.9 2.9 32 3 26.13
PF 74 34.3 22.4 8.1 18.8 43.3 2.0 5.7 35.9 4.1 4.9 83.3 5.9 2.9 0.8 0.4 2.1 7 0 17.96
PG 60 37.4 22.4 7.1 15.3 46.4 3.2 7.8 41.2 5.0 6.1 81.9 4.8 7.0 1.5 0.3 2.9 11 1 22.92
SG 78 34.0 22.3 8.3 17.6 46.8 3.4 8.3 41.4 2.4 2.8 85.3 3.7 2.1 0.8 0.5 1.6 0 0 17.53
SG 78 35.0 22.1 7.8 18.3 42.3 1.9 5.2 36.3 4.7 5.7 83.2 3.2 3.4 0.9 0.3 3.1 0 0 14.64
SF 73 34.5 21.9 7.5 15.8 47.1 2.0 5.1 39.8 5.0 5.9 84.4 5.4 3.5 1.0 0.3 1.9 2 0 22.23
PF 61 34.0 21.6 7.9 15.9 49.3 0.6 1.9 33.6 5.2 6.9 76.0 8.1 4.9 0.9 0.4 2.3 19 1 22.71
SG 66 33.0 21.1 6.8 15.7 43.4 1.6 4.7 33.5 5.9 6.9 84.7 4.8 6.3 1.4 0.5 3.4 7 1 20.56
C 75 29.6 20.5 7.4 15.6 47.4 1.8 5.2 34.6 3.9 4.9 81.0 5.4 2.3 0.5 1.7 2.5 2 0 20.48
PG 69 33.2 20.5 6.7 14.6 45.9 2.5 6.1 40.7 4.6 5.3 85.9 3.5 6.3 1.3 0.3 2.3 8 0 23.26
PG 73 33.7 20.3 7.3 15.4 47.5 1.6 4.0 40.5 4.1 5.2 79.0 3.8 5.8 1.2 0.2 2.9 6 0 19.84
C 74 34.2 19.5 7.2 15.7 45.9 1.4 3.6 38.8 3.8 4.5 83.7 6.3 4.6 0.9 1.3 2.2 11 2 20.32
SF 79 35.5 19.2 7.6 16.2 46.8 1.0 2.8 35.1 3.1 3.6 86.1 5.0 1.5 0.8 0.2 1.3 1 0 16.34
PF 60 31.4 19.0 6.2 14.5 42.7 2.4 6.5 37.3 4.3 4.9 87.1 11.1 1.9 0.9 0.4 2.0 41 0 21.18
G 60 29.9 18.3 6.9 15.9 43.4 0.8 2.4 31.0 3.7 4.7 79.4 4.5 3.8 1.4 0.7 2.3 2 0 18.55
PF 63 33.9 18.2 5.3 11.9 44.7 2.0 5.1 38.9 5.5 6.1 90.2 5.2 2.1 0.6 0.2 1.3 4 0 17.41
PF 66 32.8 18.1 6.7 14.9 45.0 1.7 4.8 35.7 3.0 3.8 78.6 7.2 1.5 0.7 2.0 1.8 12 0 17.49
PG 61 31.5 18.1 6.1 12.9 47.6 2.0 5.0 41.1 3.8 4.3 89.2 5.0 9.2 2.0 0.1 2.4 24 1 26.25
PF 69 34.0 18.1 6.2 14.1 44.2 1.1 3.5 31.1 4.5 5.9 76.8 7.7 3.7 1.3 0.9 2.3 19 0 17.91
PG 64 32.5 18.0 7.2 15.3 47.1 0.2 0.9 21.7 3.5 4.0 87.4 3.8 4.4 0.7 0.3 2.3 2 0 17.05
PG 79 31.5 17.9 6.9 15.4 45.1 1.3 3.7 34.0 2.8 3.2 85.5 3.1 6.3 0.9 0.2 3.3 10 0 16.18
SG 81 24.6 17.5 5.3 12.3 42.9 2.0 5.5 36.5 5.0 5.6 88.0 2.5 3.0 1.0 0.2 2.0 0 0 21.44
C 72 32.4 17.3 6.9 14.6 47.7 0.3 0.8 41.1 3.1 3.8 81.2 7.3 1.9 0.6 1.2 1.4 18 0 18.66
SG 68 32.9 17.2 6.0 13.7 43.9 1.9 5.3 35.6 3.3 4.1 80.5 3.1 3.0 1.0 0.1 2.1 1 0 13.99
C 77 32.6 17.0 7.0 12.6 55.7 0.0 0.0 0.0 2.9 4.6 62.8 14.1 0.7 0.7 2.1 2.0 58 0 22.68
C 73 27.9 16.7 6.8 11.7 57.8 0.6 1.9 32.4 2.6 3.1 82.5 9.8 4.9 0.8 0.8 2.3 39 6 26.40
SG 75 31.0 16.2 5.5 13.5 40.6 3.3 8.8 37.2 2.0 2.3 84.0 2.7 2.5 0.6 0.5 1.6 0 0 13.22
PF 82 31.3 16.1 6.2 13.0 48.1 1.3 3.8 34.7 2.3 2.8 84.1 5.1 1.7 0.7 0.5 1.2 3 0 16.95
SG 67 33.2 15.9 6.1 13.9 44.2 1.9 5.3 36.1 1.7 2.3 75.3 4.3 2.6 1.2 0.3 1.8 3 0 13.62
F 71 30.9 15.7 6.1 13.2 46.1 1.5 4.6 33.7 2.0 2.7 72.7 6.5 2.0 0.7 0.4 1.6 9 0 15.00
SG 63 28.7 15.6 5.6 13.8 40.5 2.1 6.1 35.2 2.3 3.0 78.2 3.5 4.8 1.4 0.3 2.8 2 0 15.36
PG 67 32.7 15.4 6.0 13.3 45.4 1.5 4.2 35.6 1.8 2.5 70.8 3.9 7.3 1.5 0.7 2.9 16 0 17.19
PG 82 32.4 15.3 4.9 11.1 44.2 1.1 3.1 35.7 4.4 5.1 86.7 4.0 7.8 1.2 0.4 2.6 16 0 19.24
PF 77 34.0 15.1 5.1 12.7 40.3 1.8 5.3 33.3 3.2 3.7 85.6 6.2 5.9 1.1 0.4 2.5 15 1 15.86
SG 78 28.2 15.0 5.1 11.4 44.5 2.6 6.0 42.9 2.3 2.6 89.1 2.2 1.4 0.7 0.2 1.3 0 0 14.87
C 79 30.7 14.8 6.0 12.4 48.0 1.6 4.0 39.1 1.4 1.6 85.6 6.8 0.9 0.5 1.6 1.3 11 0 16.46
PG 82 29.2 14.7 5.8 13.1 44.5 1.4 4.3 32.9 1.6 2.0 79.8 3.0 2.6 1.1 0.1 2.0 0 0 13.23
C 75 28.8 14.6 6.4 13.7 46.8 0.3 1.0 30.7 1.4 2.1 66.9 10.4 2.8 1.0 1.0 1.6 38 0 19.19
C 81 31.4 14.5 5.5 10.7 51.1 0.5 1.4 34.8 3.0 3.7 80.9 7.3 1.3 0.9 2.1 1.3 15 0 18.51
SF 79 27.3 14.5 5.3 11.5 45.5 1.9 5.3 35.7 2.1 2.7 76.6 2.8 2.3 0.7 0.2 1.3 0 0 15.26
SF 66 31.0 14.4 6.1 12.3 49.5 0.4 1.5 26.5 1.8 2.3 77.3 5.1 1.1 1.2 0.6 0.9 5 0 15.64
C 72 21.3 14.3 5.6 10.2 54.5 0.1 0.5 13.2 3.1 4.0 78.6 6.7 0.9 0.4 0.5 1.7 18 0 23.74
F 73 24.5 14.1 5.9 13.2 44.9 0.3 1.3 22.3 1.9 2.6 73.1 8.2 1.7 0.5 0.1 1.4 20 0 18.58
C 81 33.9 14.0 5.1 7.7 66.1 0.0 0.0 0.0 3.8 5.9 65.3 12.8 1.2 0.6 2.6 1.8 58 0 23.31
C 68 32.3 14.0 5.6 11.8 47.3 1.3 3.6 35.5 1.6 2.0 80.0 6.8 5.0 0.8 1.3 1.7 8 0 17.77
SF 79 32.5 14.0 5.3 12.7 41.8 1.5 4.5 33.1 1.8 2.3 78.4 4.6 2.0 0.7 0.3 1.1 5 0 12.47
PF 76 31.2 14.0 5.3 11.7 45.7 0.9 2.6 36.2 2.4 2.8 83.7 6.5 1.7 1.1 0.6 1.7 9 0 13.75
PF 72 32.4 13.9 4.6 10.0 46.3 2.2 5.5 39.8 2.4 3.0 81.1 5.8 2.2 1.0 0.3 1.1 7 0 14.99
SG 76 33.3 13.8 4.9 12.2 39.9 2.0 5.8 35.0 2.0 2.4 83.2 3.3 2.5 1.2 0.2 1.1 1 0 12.90
SF 81 25.7 13.7 4.6 10.4 44.5 1.8 4.8 36.7 2.7 3.0 89.3 3.4 1.4 0.4 0.1 1.6 0 0 13.56
SG 73 29.8 13.7 4.9 11.3 43.3 1.3 3.4 37.2 2.7 3.5 76.8 4.0 3.2 1.2 0.6 1.2 0 0 15.94
SF 60 28.4 13.7 4.9 11.1 44.3 1.5 3.9 37.0 2.4 3.2 75.3 4.3 3.4 0.8 0.5 1.6 2 0 15.55
C 81 29.7 13.6 6.0 11.2 53.0 0.0 0.1 28.6 1.7 4.4 38.6 13.8 1.1 1.5 1.1 1.9 49 0 20.91
PF 72 29.4 13.6 4.5 10.7 41.8 2.8 7.0 40.3 1.8 2.1 86.0 4.6 0.9 0.4 0.2 0.8 2 0 13.53
C 74 29.7 13.5 5.2 8.3 63.3 0.0 0.0 0.0 3.1 5.7 53.3 12.7 1.4 0.9 1.2 2.3 53 0 20.89
SG 73 34.2 13.5 4.6 11.6 39.3 2.4 6.6 36.3 2.0 2.5 81.6 3.5 2.9 1.1 0.2 1.4 0 0 11.93
SF 80 32.6 13.4 5.2 10.0 51.6 1.9 4.3 43.4 1.2 1.5 83.2 6.4 1.5 1.5 0.5 0.6 12 0 17.35
G 68 30.3 13.2 5.0 10.5 47.6 1.1 2.6 41.7 2.2 2.5 86.0 2.2 4.6 1.0 0.1 1.7 4 0 15.37
G 60 25.9 13.2 4.5 10.6 43.0 2.8 7.0 40.4 1.3 1.5 85.6 2.3 1.0 0.6 0.2 0.6 0 0 14.12
PF 74 28.8 13.2 5.1 10.5 48.7 0.2 0.9 27.0 2.8 3.8 72.3 8.6 3.6 0.7 0.5 2.3 18 3 16.32
G 70 25.1 13.1 4.4 10.5 41.5 1.5 4.4 34.1 2.9 3.5 84.3 4.0 2.2 0.6 0.1 1.9 4 0 13.16
F 82 26.1 13.1 4.7 10.9 43.1 1.7 4.9 35.3 2.0 2.5 77.8 5.9 1.7 0.7 0.3 1.4 10 0 14.65
PF 67 31.6 12.9 4.4 10.9 39.9 2.0 6.1 33.3 2.1 2.6 82.2 6.5 1.5 1.9 1.0 2.0 12 0 13.27
PF 81 26.3 12.8 4.7 11.4 41.1 1.3 4.2 31.1 2.1 2.7 78.2 6.3 2.2 0.7 0.4 2.3 10 0 12.84
PF 76 27.4 12.8 4.8 10.1 47.9 1.1 3.4 34.0 2.0 2.8 70.7 4.9 3.6 1.0 1.1 2.3 4 0 17.03
SG 70 29.0 12.8 4.8 10.0 48.1 2.0 4.6 42.5 1.2 1.4 85.0 2.6 2.7 1.1 0.1 1.3 1 0 15.52
PG 82 29.4 12.8 5.2 11.1 47.1 0.5 1.8 27.4 1.8 2.6 69.2 4.7 6.5 1.1 0.5 2.2 18 5 17.25
PF 80 28.7 12.7 4.9 10.8 45.4 1.0 3.3 28.8 2.0 2.7 71.9 5.1 1.9 0.8 0.5 1.1 7 0 14.52
C 81 31.7 12.7 5.1 7.1 71.4 0.0 0.0 0.0 2.5 5.2 48.2 13.8 1.2 0.6 1.7 1.4 41 0 21.84
SG 59 27.0 12.7 4.6 11.3 40.8 1.9 5.2 37.1 1.5 1.9 78.3 3.4 1.6 0.6 0.2 1.1 0 0 12.47
C 65 23.9 12.6 5.6 8.7 64.3 0.0 0.0 0.0 1.4 2.7 53.1 8.1 1.0 0.5 1.2 1.3 15 0 21.48
PF 64 25.4 12.4 4.7 9.4 50.2 0.9 1.6 53.8 2.0 2.9 70.7 7.8 2.3 0.4 1.1 1.3 11 0 20.23
G 82 26.3 12.3 4.4 10.6 41.3 1.4 3.9 36.0 2.1 2.5 85.7 1.6 2.6 0.7 0.2 1.6 0 0 12.06
PG 74 27.8 12.0 4.4 9.9 44.2 1.5 4.0 37.1 1.8 2.6 69.1 2.2 2.8 0.6 0.1 1.6 0 0 11.44
C 80 25.8 12.0 4.9 8.8 55.7 0.0 0.0 50.0 2.2 2.7 81.1 9.5 0.7 0.5 0.8 1.3 29 0 20.13
C 81 22.5 11.7 4.8 9.0 53.4 0.0 0.0 0.0 2.2 3.0 74.1 6.6 2.3 1.1 0.5 1.7 13 0 21.23
SF 80 34.7 11.7 4.1 10.0 40.9 2.4 6.9 34.4 1.2 1.6 73.8 5.7 2.2 1.8 0.3 0.9 3 0 12.38
PF 75 26.1 11.7 4.3 10.7 39.9 1.5 4.7 32.8 1.6 2.1 75.6 4.5 2.2 0.6 0.5 1.0 4 0 13.12
C 80 29.9 11.3 4.7 8.2 57.1 0.0 0.0 0.0 2.0 3.2 61.1 7.7 1.1 1.1 1.0 1.8 16 0 16.51
F 76 30.2 11.2 3.9 9.3 42.2 1.6 4.7 35.0 1.7 2.0 87.3 6.6 1.4 0.8 0.7 0.8 11 0 13.74
PG 75 32.9 11.1 3.5 8.7 40.2 0.8 2.6 30.6 3.4 3.8 89.1 4.1 9.1 1.7 0.1 2.6 25 1 16.87
PF 74 30.2 11.0 4.9 9.3 52.7 0.6 1.6 38.1 0.6 1.2 52.3 6.1 1.6 1.5 0.4 1.3 7 0 14.96
SG 78 25.1 11.0 4.2 9.6 43.7 1.8 5.0 36.3 0.8 1.0 83.1 2.6 1.1 1.1 0.4 0.9 0 0 13.46
SF 73 26.9 11.0 4.0 9.9 40.9 1.3 3.6 34.6 1.6 2.3 70.8 3.2 2.4 1.2 0.7 1.7 1 0 11.60
PG 64 25.9 11.0 4.1 9.4 43.8 1.3 3.7 36.3 1.4 1.7 82.6 2.3 5.6 0.5 0.1 2.2 3 0 14.02
C 78 25.5 10.8 4.7 9.1 51.5 0.0 0.2 23.1 1.4 2.0 71.5 6.2 0.9 0.5 0.8 1.3 11 0 15.07
G 77 31.9 10.8 4.2 9.1 45.6 1.4 3.5 40.1 1.1 1.3 86.7 3.4 2.3 1.1 0.3 0.9 0 0 12.20
C 82 31.2 10.8 4.8 8.2 57.9 0.0 0.0 0.0 1.3 1.9 64.8 10.4 1.5 0.5 0.7 1.5 36 0 15.48
SG 76 23.4 10.7 3.7 8.5 43.4 2.2 5.4 41.3 1.1 1.2 90.3 3.0 0.6 0.6 0.3 0.5 0 0 13.77
SG 79 28.5 10.7 3.8 8.2 46.8 1.7 3.8 44.4 1.3 1.6 84.7 2.9 1.2 0.7 0.3 0.8 0 0 11.64
F 70 24.0 10.6 3.7 8.9 41.3 1.8 5.4 34.2 1.4 1.8 77.3 5.5 1.1 0.8 0.8 1.1 8 0 14.54
PG 79 30.4 10.6 3.4 9.5 35.9 1.2 4.2 28.3 2.6 3.2 81.2 3.9 4.6 1.6 0.4 2.0 2 0 12.07
SG 82 23.0 10.6 4.0 9.4 42.6 1.8 4.6 39.1 0.8 0.9 84.2 3.3 1.5 0.5 0.1 1.2 0 0 11.89
G 74 24.0 10.5 3.6 8.3 42.9 1.4 3.8 36.0 2.0 2.3 89.3 2.4 2.0 0.6 0.1 0.9 1 0 13.40
SG 62 24.2 10.5 3.7 9.0 41.6 2.4 6.4 37.8 0.6 0.7 86.0 2.1 1.1 0.6 0.1 0.5 0 0 12.68
C 81 26.5 10.4 4.1 7.7 53.6 0.0 0.1 0.0 2.1 3.7 58.0 7.5 3.5 0.9 1.1 1.7 19 0 18.18
C 81 28.0 10.4 4.7 9.6 49.3 0.0 0.0 0.0 0.9 1.3 72.1 6.4 1.0 0.2 1.4 1.1 8 0 14.47
C 62 27.8 10.3 4.1 7.1 57.1 0.0 0.0 0.0 2.1 3.2 67.9 6.5 1.6 1.0 0.9 1.0 6 0 16.70
F 75 25.9 10.2 4.1 8.6 48.0 0.7 2.2 29.3 1.3 1.5 86.7 5.4 1.5 0.4 0.3 0.9 3 0 14.21
PG 75 26.4 10.2 3.9 8.5 45.7 1.0 2.6 40.4 1.5 1.7 86.5 2.8 4.2 1.1 0.2 1.5 2 1 14.90
PF 76 32.5 10.2 3.6 8.6 41.8 1.1 3.5 30.8 2.0 2.8 70.9 7.9 7.0 2.0 1.4 2.4 17 5 16.51
C 65 21.4 10.2 4.2 8.2 50.7 0.0 0.0 0.0 1.8 3.2 57.1 7.2 1.9 0.8 1.1 2.2 13 0 17.57
G 63 25.2 10.1 4.2 9.0 46.6 0.4 1.1 33.3 1.3 1.9 72.7 1.8 4.5 0.5 0.0 1.4 0 0 13.10
G 67 26.2 10.1 3.6 7.7 46.4 2.4 5.4 45.1 0.6 0.6 90.5 2.8 1.6 0.5 0.3 1.0 0 0 12.17
SF 77 28.9 10.0 4.1 8.1 50.3 0.9 2.5 35.1 1.0 1.6 62.1 4.4 1.1 1.1 0.9 1.1 2 0 13.16
F 71 24.7 10.0 4.3 8.3 51.6 0.4 1.1 32.1 1.0 1.5 67.3 8.0 1.9 1.1 0.4 1.8 16 0 15.71
C 82 32.4 10.0 4.0 8.1 50.2 0.2 0.5 37.2 1.7 2.0 81.4 7.9 1.9 1.1 1.2 1.3 13 0 14.19
F 78 19.4 9.9 3.7 7.7 48.2 0.6 1.9 33.6 1.9 2.4 77.4 2.8 0.4 0.3 0.1 0.7 1 0 15.00
PG 82 21.5 9.9 3.6 8.9 40.4 1.4 4.2 33.4 1.3 1.5 88.3 2.6 2.1 0.6 0.3 1.4 1 0 11.97
G 69 25.1 9.9 3.4 7.6 45.4 0.5 1.7 28.8 2.5 3.1 79.7 2.6 4.8 1.1 0.1 1.9 3 1 15.42
SG 62 18.4 9.7 3.6 7.9 46.0 0.7 2.4 28.1 1.8 2.1 85.3 4.3 1.2 0.4 0.4 0.6 1 0 17.09
F 61 21.2 9.6 3.7 6.8 54.8 0.0 0.1 0.0 2.1 3.1 69.3 7.6 0.9 0.7 0.7 1.0 11 0 20.36
SG 73 24.9 9.6 3.9 8.5 45.7 1.1 2.8 37.0 0.8 1.0 77.0 2.1 2.2 0.7 0.4 0.8 0 0 12.13
PG 67 30.7 9.5 3.4 8.1 42.0 1.6 4.3 38.2 1.1 1.4 76.8 5.9 4.2 1.5 0.4 1.5 6 0 13.06
PG 80 21.9 9.5 3.4 7.8 44.0 1.8 4.4 41.4 0.8 1.0 82.5 1.8 3.5 0.8 0.0 1.3 1 0 15.28
G 80 27.4 9.5 3.1 7.9 39.6 1.7 4.5 36.8 1.5 1.9 81.3 2.8 2.4 0.6 0.4 1.6 0 0 9.05
SF 79 28.8 9.4 3.5 8.7 40.2 0.7 2.4 29.4 1.7 2.7 62.2 4.0 2.1 0.6 0.5 1.5 0 0 8.56
PG 81 24.1 9.4 4.1 9.2 43.9 0.3 1.3 26.7 0.9 1.3 70.6 2.9 5.2 0.8 0.4 1.4 3 0 14.79
SG 80 25.0 9.3 3.7 8.3 45.2 0.6 1.7 35.6 1.2 1.5 77.0 2.9 3.3 0.8 0.2 1.4 1 0 13.22
PF 69 22.2 9.2 3.2 8.1 39.4 0.8 2.8 27.5 2.1 2.4 86.3 3.1 1.2 0.5 0.2 1.1 1 0 10.57
SG 72 23.2 9.2 3.3 7.7 42.4 0.8 2.4 35.3 1.8 2.3 80.6 2.6 1.6 0.6 0.2 0.9 0 0 10.81
SF 82 21.3 9.2 3.5 7.7 44.9 0.9 2.7 32.1 1.4 2.2 62.4 4.2 0.7 0.8 0.9 1.3 3 0 12.38
F 81 29.0 9.2 3.6 7.6 47.7 0.0 0.1 11.1 1.9 2.4 78.4 7.0 1.4 1.0 1.0 0.7 11 0 14.30
G 78 23.6 9.2 3.5 8.0 43.6 1.4 3.3 41.1 0.8 1.0 81.8 3.1 1.8 0.5 0.2 0.9 0 0 12.82
G 75 27.3 9.2 3.6 8.1 44.4 1.4 3.6 38.8 0.6 0.8 71.4 2.6 5.1 0.7 0.1 1.7 4 0 11.52
F 74 18.9 9.1 3.2 7.0 45.8 1.9 4.5 40.9 0.9 1.0 85.1 3.9 0.6 0.4 0.5 0.7 2 0 15.72
C 67 17.9 9.1 3.7 5.9 61.7 0.0 0.1 33.3 1.7 2.9 58.9 4.2 1.0 0.8 0.6 1.1 0 0 18.91
C 58 18.3 9.1 3.9 5.9 65.2 0.0 0.1 14.3 1.3 2.1 62.8 3.8 1.1 0.3 0.7 0.8 3 0 19.23
SG 71 27.0 9.1 3.9 8.4 46.0 0.2 0.8 27.8 1.1 1.8 61.5 5.5 1.4 1.6 0.4 1.4 5 0 13.33
PF 75 20.5 9.0 3.5 6.8 51.2 0.9 2.6 35.4 1.2 1.6 73.2 4.8 2.0 0.6 0.4 1.3 2 0 15.32
G 65 25.5 9.0 3.6 8.5 42.6 0.5 1.8 26.3 1.3 1.6 82.5 3.8 3.2 0.8 0.4 1.5 2 0 11.48
SF 66 22.8 9.0 3.4 7.5 44.7 1.2 3.2 37.0 1.1 1.3 84.5 2.7 0.9 0.2 0.1 0.6 1 0 10.77
PF 77 27.3 8.9 3.2 6.5 50.1 0.7 1.9 38.2 1.7 2.2 80.2 7.1 1.1 0.6 0.4 1.2 10 0 13.56
F 72 26.1 8.9 3.1 7.6 40.0 1.5 4.4 34.1 1.2 1.6 76.1 3.8 1.0 1.1 0.4 0.8 2 0 11.88
PF 61 29.1 8.7 3.0 7.7 39.2 1.1 3.5 32.9 1.6 2.2 70.6 7.4 1.6 1.0 0.7 1.5 4 0 11.31
F 82 15.7 8.7 3.0 6.7 44.5 1.3 3.4 37.2 1.5 1.7 87.6 4.5 0.8 0.3 0.5 0.8 4 0 17.62
F 78 22.6 8.7 3.0 6.9 43.4 0.2 0.9 22.4 2.4 3.2 75.1 5.8 2.0 1.1 0.6 1.5 8 0 13.71
SG 80 29.2 8.5 3.1 6.8 45.5 1.8 4.4 40.6 0.6 0.7 81.0 3.1 1.2 0.7 0.2 0.7 1 0 9.75
SG 74 27.0 8.5 3.3 7.5 44.3 0.6 1.8 31.9 1.3 1.7 72.7 2.8 3.2 1.1 0.4 1.8 0 0 9.99
G 61 25.9 8.4 3.0 6.9 44.0 1.0 2.5 41.1 1.4 1.5 89.2 2.0 1.3 0.3 0.1 0.7 0 0 9.02
SG 76 18.0 8.4 3.0 6.7 44.9 0.7 2.3 32.4 1.7 2.1 79.2 2.2 1.1 0.7 0.2 0.9 0 0 14.09
G 67 17.7 8.2 2.8 7.4 37.4 2.1 5.3 38.9 0.6 0.8 79.6 1.5 0.7 0.3 0.1 0.7 0 0 10.48
C 72 18.4 8.2 3.4 6.5 52.9 0.1 0.2 26.7 1.3 1.7 72.8 7.0 1.3 0.6 0.5 1.4 11 0 19.00
C 75 18.9 8.1 3.4 6.4 53.0 0.0 0.0 0.0 1.3 2.0 66.9 4.5 1.1 0.7 0.6 0.9 8 0 16.37
G 61 19.3 8.1 3.0 6.9 43.0 1.1 2.8 38.2 1.1 1.5 75.3 2.1 0.8 0.5 0.1 1.0 0 0 9.87
C 66 14.1 8.1 3.6 7.1 49.9 0.0 0.0 0.0 1.0 1.3 76.5 4.2 0.9 0.3 0.2 0.5 1 0 18.96
PF 78 29.9 8.1 3.4 5.6 60.0 0.0 0.0 0.0 1.4 2.7 49.8 9.2 1.0 0.5 1.1 0.8 19 0 15.32
G 73 24.7 8.0 2.6 6.7 39.4 1.5 4.1 37.8 1.2 1.6 76.5 3.1 1.8 0.8 0.5 0.7 0 0 11.69
C 77 20.3 8.0 3.0 6.0 49.7 0.0 0.2 25.0 1.9 2.7 72.1 6.6 0.6 0.5 1.3 1.3 11 0 15.04
SG 74 20.2 7.9 2.8 7.4 38.0 1.6 4.2 39.0 0.7 0.9 79.7 2.1 1.3 0.6 0.1 0.6 0 0 10.41
PG 78 19.7 7.9 2.5 6.6 37.7 1.2 3.5 34.7 1.7 2.1 81.4 1.5 2.7 0.4 0.0 1.2 0 0 11.01
PG 69 26.7 7.8 3.3 8.1 40.8 0.7 1.9 37.6 0.4 0.7 60.0 5.1 6.7 1.4 0.2 2.4 6 1 13.59
PG 68 22.3 7.8 3.1 7.9 39.2 1.4 3.7 36.5 0.3 0.4 66.7 2.3 5.1 0.7 0.1 1.9 1 0 11.13
SG 65 26.6 7.8 2.8 6.6 42.4 1.3 3.4 37.3 0.9 1.1 78.4 2.8 2.6 1.3 0.4 1.2 0 0 11.19
SG 82 20.0 7.7 2.8 6.6 43.3 1.2 3.3 35.5 0.8 1.0 82.5 2.7 1.2 0.8 0.4 0.8 0 0 12.71
PG 76 26.1 7.6 2.7 7.0 39.0 1.0 2.8 36.6 1.1 1.3 85.4 1.9 4.7 0.7 0.0 1.8 0 0 9.44
SF 76 26.3 7.6 2.9 5.5 52.8 0.8 2.3 36.2 0.9 1.3 70.6 4.0 3.4 1.0 0.5 0.8 0 0 14.37
G 69 18.7 7.5 2.5 6.4 39.0 1.3 3.3 39.2 1.2 1.6 80.4 2.3 2.7 1.2 0.2 1.4 0 0 13.94
SG 76 25.5 7.5 2.6 6.4 41.1 1.2 3.4 36.0 0.9 1.2 78.9 2.9 1.4 0.8 0.4 1.0 0 0 9.06
G 73 22.5 7.4 2.8 7.0 40.2 0.6 2.0 29.5 1.2 1.5 80.5 2.5 2.6 0.6 0.5 1.9 1 0 7.59
PG 59 22.6 7.3 2.3 5.1 44.4 0.6 1.7 37.6 2.1 2.7 79.2 2.8 3.1 0.7 0.4 1.1 0 0 12.72
SF 68 26.6 7.3 2.6 6.6 39.2 1.7 4.6 37.9 0.4 0.5 84.4 3.3 1.8 1.0 0.8 1.1 0 0 10.16
PF 79 18.7 7.3 3.1 5.3 59.0 0.0 0.0 0.0 1.0 1.4 70.8 5.6 1.6 0.4 0.5 1.0 7 0 18.48
G 61 18.4 7.3 3.0 7.2 42.1 0.3 1.3 26.6 0.9 1.2 77.5 1.6 3.7 0.8 0.1 1.3 6 0 13.05
F 62 25.7 7.2 2.8 6.4 44.1 0.7 1.9 34.2 0.9 1.2 73.3 4.4 1.7 1.5 0.5 0.9 0 0 11.92
G 65 23.5 7.1 2.5 6.2 40.3 0.6 2.0 31.3 1.5 2.0 76.0 2.7 5.2 0.9 0.1 1.6 7 1 12.40
PF 63 22.9 7.1 3.0 5.7 52.6 0.2 0.6 27.8 0.9 1.3 73.8 5.9 1.5 1.3 0.6 0.9 7 0 15.76
G 81 22.2 7.1 2.4 6.6 35.9 1.0 3.1 31.3 1.4 1.9 75.0 2.4 4.9 0.9 0.0 1.6 3 0 12.09
SF 74 24.0 7.1 2.5 6.4 39.1 1.2 3.6 33.1 0.9 1.2 78.7 5.2 2.6 0.6 0.4 1.4 4 0 10.36
F 75 16.4 7.1 2.5 5.8 42.5 0.8 2.6 29.9 1.4 1.7 79.1 3.3 0.9 0.5 0.3 0.9 0 0 13.96
F 65 22.7 7.1 2.4 5.4 44.2 1.4 3.5 39.1 0.9 1.3 74.4 3.6 1.2 0.5 0.3 0.9 1 0 11.17
SF 82 24.0 7.1 2.5 5.5 45.2 1.5 3.4 44.1 0.6 0.8 73.5 3.2 2.7 1.2 0.1 1.3 0 0 12.44
SF 80 29.7 7.0 2.3 6.0 38.3 1.2 3.4 34.8 1.3 1.6 80.5 3.8 1.8 0.9 0.4 1.0 0 0 8.06
C 64 18.4 6.9 2.7 5.9 45.9 0.9 2.8 30.6 0.6 0.8 75.0 4.1 0.9 0.5 0.7 0.7 1 0 13.61
PG 81 26.3 6.9 2.9 6.3 46.1 0.1 0.7 20.0 0.9 1.1 81.1 3.1 6.6 1.7 0.1 2.0 5 0 13.73
PF 65 24.6 6.8 2.4 5.9 40.1 1.4 3.9 37.2 0.7 0.9 71.7 4.5 1.2 0.6 0.4 0.6 1 0 10.80
G 77 14.8 6.8 2.7 5.6 48.7 0.8 2.1 37.4 0.6 0.8 75.9 1.6 1.2 0.5 0.1 0.7 0 0 13.22
C 64 15.6 6.8 2.9 5.9 48.8 0.5 1.5 33.3 0.6 0.9 66.1 4.6 0.5 0.3 0.2 0.6 5 0 14.99
SF 64 21.3 6.8 2.5 5.4 45.4 1.2 3.2 37.9 0.7 1.0 66.2 3.5 1.9 0.7 0.3 1.1 0 0 10.58
F 58 19.4 6.8 2.7 5.3 51.5 0.0 0.0 0.0 1.3 1.8 69.2 5.1 1.0 0.5 1.3 0.9 0 0 15.35
G 80 21.3 6.7 2.8 6.4 43.0 0.6 1.8 31.9 0.6 0.8 78.1 2.7 2.4 0.8 0.3 1.0 0 0 10.90
G 65 16.7 6.7 2.1 5.2 39.9 0.9 2.7 32.8 1.6 2.0 82.9 2.0 2.1 0.7 0.1 0.9 0 0 13.84
SF 64 23.5 6.7 2.3 5.0 45.5 0.8 2.1 37.2 1.3 1.7 78.2 4.0 1.0 0.7 0.3 0.9 1 0 10.62
C 77 17.3 6.7 2.5 4.9 51.5 0.3 1.0 28.4 1.4 1.8 75.9 4.0 0.6 0.8 0.5 0.4 2 0 17.66
PF 81 27.6 6.7 2.5 6.0 41.3 0.9 2.4 35.7 0.9 1.1 77.4 5.8 1.2 1.4 0.2 0.8 3 0 10.54
C 71 20.0 6.6 3.0 5.5 55.1 0.0 0.0 0.0 0.5 0.9 61.3 5.7 0.7 0.5 0.7 0.9 4 0 13.82
G 79 30.1 6.6 2.7 5.9 46.4 0.6 2.3 24.5 0.6 1.4 42.3 5.1 1.0 1.2 1.0 0.6 2 0 9.64
SG 78 17.2 6.6 2.5 5.4 45.4 0.6 1.7 34.1 1.1 1.6 68.5 2.8 0.8 0.4 0.2 0.9 0 0 10.33
F 66 25.0 6.6 2.6 5.4 48.5 1.1 2.7 39.2 0.2 0.4 59.3 4.2 0.6 0.6 0.4 0.4 0 0 10.20
F 77 18.4 6.5 2.6 5.6 47.3 0.8 2.4 32.1 0.5 0.9 55.9 3.7 1.0 0.5 0.3 0.5 0 0 13.09
F 80 20.1 6.5 2.7 4.6 57.6 0.3 0.8 40.9 0.8 1.3 67.0 4.6 1.8 0.6 0.8 1.0 0 0 15.03
SG 69 17.2 6.4 2.1 5.2 40.2 0.7 2.3 31.1 1.5 1.8 85.4 2.2 1.1 0.5 0.1 1.1 0 0 8.51
PF 70 16.2 6.4 2.2 6.0 37.3 1.5 4.4 34.1 0.5 0.6 77.8 2.3 0.7 0.2 0.2 0.5 0 0 8.81
SG 78 25.2 6.4 2.4 5.9 41.3 0.9 2.8 33.2 0.6 0.9 62.0 3.3 1.6 0.6 0.2 0.7 0 0 9.09
SG 79 20.3 6.3 2.4 5.6 42.1 0.7 2.4 28.7 0.9 1.3 75.8 3.3 0.6 0.7 0.2 0.6 1 0 9.10
C 79 15.6 6.3 2.7 5.2 52.1 0.0 0.2 11.8 0.8 1.1 77.1 5.6 1.5 0.5 1.3 1.0 6 0 20.59
G 67 14.4 6.3 2.6 5.9 43.9 0.5 1.5 35.7 0.6 0.7 88.9 1.6 1.2 0.5 0.1 0.7 0 0 11.53
F 68 14.9 6.3 2.3 5.4 42.9 0.8 2.5 32.1 0.8 1.0 80.9 1.9 1.0 0.4 0.2 0.8 0 0 12.45
PG 66 18.6 6.2 2.3 5.5 42.7 0.7 2.3 29.5 0.9 1.1 79.5 2.0 1.7 0.3 0.2 1.2 0 0 8.58
C 70 17.7 6.2 2.4 4.8 50.4 0.7 1.6 41.8 0.7 0.9 76.6 3.4 1.4 0.4 0.6 0.8 0 0 14.43
PF 65 18.3 6.2 2.3 5.5 42.4 0.9 2.7 31.6 0.7 0.9 73.8 3.8 1.2 0.6 0.3 0.9 3 0 11.00
PF 71 16.3 6.2 2.2 6.2 36.2 0.9 2.9 31.9 0.8 1.1 72.2 3.3 1.0 0.4 0.3 0.9 1 0 9.97
G 78 17.8 6.2 2.3 5.4 42.0 0.4 1.3 29.4 1.3 1.7 75.0 2.1 1.6 0.6 0.3 1.0 0 0 9.91
C 77 9.6 6.1 2.7 4.1 65.2 0.0 0.0 0.0 0.7 1.4 50.5 3.2 0.2 0.2 0.9 0.5 0 0 25.26
C 70 18.1 6.1 2.3 4.4 53.4 0.0 0.0 0.0 1.4 1.8 77.8 5.9 1.9 0.8 0.5 1.2 4 0 16.14
SF 69 20.7 6.1 2.3 4.9 46.7 0.7 1.8 39.2 0.8 1.1 71.1 3.6 0.7 0.6 0.3 0.5 3 0 11.49
F 80 22.3 6.1 2.4 4.7 50.5 0.5 1.4 39.1 0.7 1.1 67.8 2.1 0.5 1.0 0.4 0.6 0 0 10.25
G 68 15.5 6.0 2.0 5.0 39.3 1.4 3.6 38.1 0.6 0.7 89.8 1.3 0.6 0.5 0.1 0.5 0 0 10.11
C 81 22.1 6.0 2.2 4.2 52.8 0.0 0.0 0.0 1.5 2.9 53.4 7.0 0.9 0.3 1.1 1.2 10 0 12.23
PF 81 20.1 5.9 2.4 5.9 39.9 0.6 2.0 32.1 0.5 0.8 65.7 3.6 1.0 0.5 0.4 1.0 2 0 6.93
G 72 20.5 5.9 1.6 5.0 32.5 0.6 2.2 27.6 2.1 2.7 76.3 1.9 2.8 0.7 0.3 1.2 0 0 8.69
G 63 16.3 5.9 2.0 4.8 42.5 0.8 2.1 36.6 1.0 1.2 89.0 1.8 1.9 0.7 0.1 0.7 1 0 13.21
C 67 16.3 5.7 2.2 4.4 51.2 0.0 0.0 50.0 1.2 1.6 75.2 5.1 0.6 0.4 0.7 0.9 2 0 15.09
PF 59 16.6 5.7 1.9 4.8 40.0 0.6 1.7 32.4 1.3 1.6 78.7 2.7 0.9 0.7 0.5 1.0 0 0 9.88
F 74 14.4 5.7 2.4 4.4 52.9 0.5 1.1 47.4 0.5 0.7 68.6 3.5 0.5 0.3 0.7 0.8 0 0 13.61
F 79 20.4 5.7 1.9 4.3 44.6 0.8 2.4 33.3 1.0 1.4 74.1 2.6 1.0 0.3 0.1 0.7 1 0 8.29
SG 74 17.1 5.5 2.0 5.6 36.7 0.8 2.4 31.8 0.7 0.9 77.3 3.1 1.8 0.6 0.1 0.6 1 0 10.90
SF 80 19.1 5.5 1.9 4.1 46.3 0.5 1.5 37.1 1.1 1.8 61.2 2.6 0.6 0.4 1.0 0.6 0 0 10.14
C 74 16.5 5.4 2.0 5.1 38.6 1.0 2.9 34.7 0.5 0.5 87.5 3.2 1.0 0.2 0.4 0.5 1 0 8.96
F 70 14.0 5.4 2.1 4.8 44.0 0.5 1.4 33.7 0.7 1.0 63.0 3.6 1.0 0.4 0.1 0.8 0 0 12.63
G 73 17.1 5.4 2.0 5.3 37.4 0.4 1.5 23.6 1.0 1.3 80.6 1.7 2.6 0.5 0.0 1.3 0 0 7.56
C 71 14.5 5.3 2.3 4.0 56.8 0.0 0.1 25.0 0.7 1.2 55.7 4.7 0.4 0.3 0.7 0.4 4 0 17.14
SG 69 18.6 5.2 1.7 4.7 36.3 1.0 2.9 33.0 0.8 0.9 85.7 2.2 2.0 0.5 0.1 1.2 0 0 7.33
G 76 17.7 5.1 2.3 4.2 54.7 0.0 0.0 33.3 0.6 0.8 70.0 2.0 1.8 0.5 0.3 0.8 0 0 10.10
C 76 17.5 5.1 2.1 3.4 62.2 0.0 0.0 0.0 0.9 1.2 69.9 6.5 0.6 0.5 0.8 0.8 6 0 16.00
G 65 13.8 5.0 1.9 4.6 40.3 0.7 2.0 37.5 0.5 0.6 80.0 1.1 1.9 0.4 0.1 1.0 0 0 9.62
PF 62 13.6 4.9 1.6 3.6 45.1 0.7 1.8 40.7 0.9 1.2 75.0 3.0 0.5 0.5 0.2 0.5 1 0 13.41
F 65 14.8 4.9 1.8 5.1 35.5 0.7 2.2 29.9 0.6 0.8 80.0 2.2 1.0 0.5 0.2 0.9 0 0 7.27
C 75 15.5 4.9 1.9 3.7 51.3 0.0 0.0 0.0 1.1 1.3 84.0 4.4 0.4 0.2 0.5 0.7 2 0 13.11
PF 66 15.8 4.8 1.9 3.3 57.9 0.0 0.0 0.0 0.9 1.4 64.5 4.7 0.6 0.4 0.3 0.5 3 0 15.34
F 68 15.7 4.8 1.7 4.1 40.2 1.3 3.1 41.4 0.2 0.2 73.3 2.1 0.5 0.3 0.2 0.4 0 0 8.32
F 68 12.6 4.6 2.0 3.7 53.6 0.0 0.1 37.5 0.6 0.8 76.8 3.0 2.2 0.6 0.7 1.2 0 0 16.57
C 73 17.6 4.6 2.0 4.5 44.6 0.3 1.1 24.7 0.4 0.5 74.3 2.2 2.3 0.2 0.1 1.2 0 0 9.04
PG 62 16.3 4.5 1.5 4.0 38.7 0.5 1.7 30.5 0.9 1.1 86.4 1.4 1.8 0.7 0.0 0.8 0 0 9.30
F 82 15.6 4.5 1.8 4.2 42.2 0.3 1.4 22.9 0.6 0.8 73.5 2.0 1.2 0.7 0.2 0.7 0 0 9.16
SF 67 12.1 4.5 1.5 3.5 44.0 1.0 2.6 39.9 0.4 0.5 82.4 1.5 0.7 0.3 0.4 0.5 0 0 12.94
F 74 17.1 4.4 1.8 3.6 48.1 0.1 0.3 35.0 0.8 1.3 63.8 5.2 0.4 0.4 0.4 0.9 4 0 10.78
SF 77 17.8 4.4 1.7 4.7 35.3 0.6 2.0 29.2 0.5 0.7 67.9 2.5 1.4 0.7 0.3 0.9 0 0 7.18
PF 81 20.3 4.3 1.5 4.1 37.2 0.7 2.4 29.3 0.6 0.8 75.4 2.7 0.8 0.6 0.3 0.6 0 0 7.68
G 74 18.4 4.1 1.4 3.3 43.2 1.0 2.3 42.7 0.3 0.4 82.8 1.4 1.3 0.6 0.3 0.5 0 0 9.11
SF 71 15.1 4.0 1.5 3.5 43.3 0.6 1.7 33.3 0.4 0.5 78.4 1.4 1.1 0.5 0.2 0.5 0 0 8.60
F 78 15.8 3.8 1.5 3.4 43.5 0.6 1.7 34.6 0.3 0.5 70.3 3.5 0.9 0.3 0.2 0.5 0 0 9.29
PG 78 17.1 3.8 1.5 4.0 37.7 0.3 0.9 28.8 0.5 0.8 61.0 2.1 2.4 1.0 0.5 1.1 1 0 8.13
PG 60 12.9 3.5 1.3 3.0 41.4 0.4 1.2 35.6 0.6 0.7 76.7 1.1 2.6 0.8 0.1 0.6 0 0 13.86
SF 72 14.2 3.4 1.3 2.9 44.5 0.2 0.6 37.5 0.6 0.8 78.9 2.9 1.3 0.7 0.4 0.5 0 0 12.59
C 73 12.4 2.9 1.2 1.9 64.2 0.0 0.0 33.3 0.5 0.8 59.0 4.2 0.2 0.4 0.8 0.5 1 0 14.86
F 61 14.3 2.9 1.3 2.8 45.8 0.0 0.0 0.0 0.4 0.5 69.7 3.6 0.9 0.3 0.4 0.5 2 0 11.65
PG 64 15.2 2.9 1.2 3.5 34.5 0.2 1.0 19.0 0.3 0.5 54.8 1.4 2.0 0.4 0.1 0.7 0 0 5.72
F 68 11.9 2.7 1.1 2.9 36.5 0.4 1.7 24.6 0.2 0.3 64.7 2.7 0.3 0.4 0.4 0.3 0 0 8.41
G 62 12.5 2.5 0.9 2.3 38.7 0.3 0.7 37.0 0.4 0.6 62.5 1.7 0.9 0.8 0.2 0.7 0 0 7.51
C 62 8.6 1.7 0.7 1.4 52.3 0.0 0.0 0.0 0.2 0.4 68.2 2.5 0.4 0.4 0.4 0.3 1 0 12.69
