PG 79 34.2 30.1 10.2 20.2 50.4 5.1 11.2 45.4 4.6 5.1 90.8 5.4 6.7 2.1 0.2 3.3 15 2 31.56
SG 82 38.1 29.0 8.7 19.7 43.9 2.9 8.0 35.9 8.8 10.2 86.0 6.1 7.5 1.7 0.6 4.6 23 3 25.36
PF 72 35.8 28.2 9.7 19.2 50.5 2.6 6.7 38.6 6.2 6.9 89.8 8.2 5.0 1.0 1.2 3.5 27 1 28.25
C 65 34.6 26.9 9.2 20.5 45.1 1.1 3.2 33.3 7.3 10.2 71.8 11.5 3.3 1.6 1.4 3.8 47 1 23.67
SF 76 35.6 25.3 9.7 18.6 52.0 1.1 3.7 30.9 4.7 6.5 73.1 7.4 6.8 1.4 0.6 3.3 28 3 27.64
PG 75 35.7 25.1 8.2 19.7 41.9 3.1 8.1 37.5 5.5 6.2 89.2 4.0 6.8 0.9 0.4 3.2 15 0 22.25
PF 61 35.5 24.3 9.2 18.6 49.3 0.6 1.8 32.4 5.3 7.0 75.8 10.3 1.9 1.3 2.0 2.0 36 0 25.10
PG 80 34.4 23.5 8.2 18.1 45.4 1.3 4.3 29.6 5.8 7.2 81.2 7.8 10.4 2.0 0.3 4.3 54 18 27.64
SF 78 35.9 23.5 7.9 17.7 44.6 0.6 1.8 33.8 7.1 8.4 85.0 4.5 4.0 1.0 0.3 2.2 3 0 21.58
SG 81 34.8 23.1 7.5 17.9 41.8 2.6 7.0 37.1 5.6 6.5 86.0 7.0 4.1 1.9 0.4 3.3 15 0 20.98
PG 82 32.2 22.2 7.2 16.9 42.8 2.0 5.7 35.9 5.8 6.6 87.1 3.0 6.2 1.1 0.1 2.7 7 0 21.54
SG 80 33.3 22.1 8.1 17.3 47.0 3.5 8.1 42.5 2.4 2.8 87.3 3.8 2.1 0.8 0.6 1.7 0 0 18.67
PF 72 35.1 21.8 7.9 18.2 43.4 1.5 4.3 33.9 4.6 5.6 82.9 7.7 4.2 0.9 0.5 2.4 22 0 20.38
PG 77 37.0 21.2 6.6 15.6 42.7 2.8 7.1 38.8 5.2 6.4 81.1 4.7 6.4 2.1 0.4 2.9 12 1 22.20
SF 72 33.1 21.2 7.7 15.1 50.5 1.8 4.0 44.3 4.1 4.6 87.4 6.8 2.6 1.8 1.0 1.5 12 0 26.11
SF 67 36.9 20.9 7.0 15.4 45.4 1.0 3.1 31.2 5.9 7.1 83.2 5.3 4.8 1.6 0.6 2.0 10 2 21.33
PG 81 35.6 20.9 7.0 16.4 42.7 2.2 6.0 37.1 4.6 5.4 84.7 4.4 5.2 1.6 0.5 2.1 3 0 20.87
SG 80 34.8 20.8 8.0 17.9 44.8 2.5 5.9 41.7 2.3 2.8 82.7 3.2 4.3 1.2 0.3 2.5 2 0 17.79
SF 81 35.1 20.7 7.3 16.0 45.9 0.7 2.3 30.0 5.3 7.0 76.1 3.6 2.0 1.0 0.6 2.2 1 0 16.61
C 73 33.7 20.6 8.1 15.8 51.1 0.0 0.2 14.3 4.3 5.5 78.7 7.8 2.0 0.8 1.7 2.4 26 0 21.80
PG 77 36.2 19.9 7.4 17.5 42.4 1.5 4.3 35.1 3.5 4.5 79.1 4.9 10.2 1.9 0.8 4.1 49 4 19.83
SF 80 36.2 19.7 6.5 15.0 43.3 1.8 5.1 34.9 4.9 6.0 82.4 5.0 3.7 1.2 0.3 2.5 4 0 18.37
PG 74 32.7 19.5 7.0 15.1 46.2 1.6 4.4 37.1 4.0 4.4 89.6 4.2 10.0 2.1 0.2 2.6 38 0 26.31
G 74 30.5 19.0 7.3 16.0 45.6 0.1 0.6 15.9 4.4 5.5 79.3 4.1 4.6 1.1 0.6 2.7 2 0 20.42
PG 79 30.7 18.8 6.8 15.7 43.4 1.5 4.2 35.3 3.7 4.3 86.3 3.2 6.2 0.7 0.1 2.8 9 0 19.62
C 82 32.0 18.3 7.6 14.1 54.2 0.4 1.1 34.1 2.7 3.4 81.1 10.5 2.0 0.7 1.7 2.2 51 0 22.59
F 75 31.5 18.3 6.6 14.8 44.8 1.7 4.6 36.8 3.3 3.7 89.3 6.5 1.8 0.7 0.7 1.1 10 0 19.09
C 65 31.3 18.2 8.2 16.1 51.0 0.0 0.1 22.2 1.7 2.3 75.3 8.9 2.8 0.8 1.1 1.9 29 0 21.15
SF 79 36.1 18.2 6.4 14.5 44.4 1.8 4.6 39.6 3.5 3.9 88.8 3.8 4.2 1.7 0.2 2.3 1 0 16.85
C 74 30.6 18.0 7.2 14.1 51.3 0.0 0.2 0.0 3.5 4.1 85.8 8.5 1.5 0.5 1.1 1.3 26 0 22.43
SF 66 28.2 17.6 6.0 16.9 35.8 2.0 7.1 28.5 3.5 4.3 82.6 3.7 2.8 0.9 0.2 2.0 2 0 14.94
SF 70 34.0 17.2 6.7 14.4 46.3 1.1 3.1 34.4 2.8 3.6 78.0 6.5 1.7 1.4 0.7 2.0 7 0 15.51
PF 81 32.7 17.1 6.2 13.2 47.0 0.9 2.9 31.9 3.8 5.0 75.7 9.0 3.3 1.8 1.7 2.4 32 0 21.33
PF 66 30.4 17.0 6.0 14.1 42.7 2.0 5.4 36.6 3.0 3.5 87.3 6.0 1.1 0.6 0.4 1.4 8 0 17.30
PF 80 35.3 16.9 6.4 12.7 50.6 0.4 1.4 25.7 3.7 5.1 72.4 7.7 4.3 1.2 1.4 2.6 21 5 18.86
PG 65 28.2 16.8 6.3 14.4 43.8 1.3 4.0 33.6 2.8 3.3 84.3 3.0 6.0 1.4 0.3 2.6 5 0 19.74
PF 72 31.8 16.5 6.5 13.8 46.9 0.3 1.0 34.8 3.2 4.0 79.2 11.0 4.1 0.6 2.0 2.3 46 2 21.76
C 62 32.0 16.4 6.7 13.1 51.5 0.0 0.1 0.0 2.9 4.1 70.9 8.1 1.5 1.2 1.5 1.7 19 0 21.71
PG 66 31.8 16.4 6.8 15.9 42.7 0.7 2.3 29.3 2.2 2.7 79.3 3.4 4.7 0.7 0.2 2.7 1 0 13.52
SG 75 28.0 16.3 5.6 11.7 48.0 2.7 5.6 47.5 2.4 2.7 88.8 1.9 1.4 0.6 0.1 1.0 0 0 17.58
C 81 32.9 16.2 6.8 13.1 52.1 0.0 0.1 33.3 2.6 7.2 35.5 14.8 0.8 1.5 1.4 1.9 66 0 21.30
PF 77 31.5 16.0 5.3 12.7 41.9 2.1 5.7 36.0 3.4 4.1 82.2 9.9 2.4 0.8 0.5 1.8 35 0 19.08
SG 72 33.0 16.0 5.9 13.5 43.8 1.4 3.9 34.8 2.8 3.4 83.0 4.8 3.9 1.6 0.8 2.1 3 1 16.77
PG 79 28.5 15.7 5.5 12.5 43.9 1.4 3.5 40.0 3.3 3.9 83.7 2.7 5.9 1.2 0.3 2.8 4 0 17.98
PG 79 32.3 15.5 6.0 13.9 43.3 1.4 4.1 34.7 2.1 2.6 80.4 4.0 2.4 1.1 0.1 1.7 1 0 14.34
SG 79 32.5 15.4 5.4 11.8 46.2 2.0 4.9 40.0 2.5 3.0 83.6 2.8 2.7 1.2 0.0 1.7 0 0 14.71
SG 67 28.5 15.3 4.2 10.3 40.8 1.6 4.8 34.4 5.3 6.3 83.0 2.5 2.5 0.9 0.3 1.6 0 0 17.76
C 79 29.3 15.3 6.2 11.9 52.2 0.0 0.0 0.0 2.9 3.9 74.0 8.8 2.3 0.9 0.8 1.6 32 0 21.87
F 68 29.6 15.3 6.3 13.3 47.5 0.1 0.4 23.1 2.5 3.2 79.6 7.8 2.1 0.6 0.2 1.5 17 1 18.39
C 82 32.1 15.2 6.5 12.8 50.5 1.1 3.1 34.4 1.3 1.6 79.8 7.3 3.2 0.8 1.5 1.3 17 0 19.46
PG 76 33.4 15.2 6.0 13.4 44.8 1.9 5.4 36.1 1.3 1.6 78.0 2.9 2.1 1.5 0.3 1.4 0 0 13.25
PF 73 33.0 15.1 6.8 13.2 51.4 0.1 0.4 23.3 1.4 2.2 64.4 9.0 1.9 1.5 0.5 1.9 28 0 17.58
PF 70 35.0 14.9 5.3 12.5 42.6 2.0 5.7 34.8 2.3 2.7 84.9 6.1 5.8 0.9 0.6 2.9 11 2 15.69
PF 76 33.1 14.7 5.5 11.7 46.9 1.1 3.1 33.5 2.7 3.2 83.1 6.7 2.2 0.9 0.5 1.4 12 0 16.23
SG 79 32.2 14.5 5.2 12.3 42.0 2.0 5.7 35.9 2.2 2.5 86.0 3.4 2.7 0.9 0.2 1.6 0 0 14.17
SG 76 36.7 14.5 5.3 12.6 42.0 1.5 4.9 30.9 2.4 3.0 81.1 3.7 1.8 1.4 0.2 1.4 1 0 12.41
SF 82 28.7 14.4 5.2 12.0 43.2 1.4 4.0 34.5 2.6 3.3 80.6 5.8 2.5 0.9 0.5 1.7 6 0 16.07
PF 72 28.4 14.3 5.2 12.3 42.1 1.1 3.4 33.3 2.8 3.3 83.8 7.3 1.3 0.7 1.9 1.7 21 0 17.80
C 73 29.1 14.2 5.7 9.3 60.6 0.0 0.0 0.0 2.9 4.5 65.0 11.8 0.4 0.6 3.7 1.9 41 3 25.69
PF 73 31.6 14.2 4.9 11.1 44.3 1.7 5.0 33.6 2.7 3.3 82.0 5.1 1.8 1.7 0.5 1.1 5 0 15.85
G 79 26.9 14.2 4.8 11.9 40.4 1.5 4.4 34.0 3.1 3.4 90.4 1.8 2.3 0.7 0.2 1.4 0 0 14.04
PG 72 32.8 14.1 5.8 12.2 47.7 0.9 2.8 31.2 1.7 2.3 72.7 3.8 5.8 1.0 0.2 2.6 5 0 15.57
SF 80 35.7 14.1 5.1 11.8 43.4 1.4 3.7 36.2 2.5 3.4 74.9 5.1 2.5 0.8 0.3 1.8 4 0 12.77
PG 65 32.4 14.1 4.9 11.9 41.4 1.5 4.3 34.4 2.8 3.2 86.9 2.9 5.8 0.9 0.2 2.3 4 0 14.68
PF 76 31.7 14.1 5.8 11.8 49.3 0.1 0.5 25.7 2.3 3.0 76.8 5.2 1.7 0.9 0.4 1.5 6 0 14.83
SG 82 28.0 14.0 5.3 11.7 45.2 1.5 3.9 38.9 2.0 2.5 79.3 2.8 3.1 0.8 0.2 1.9 0 0 14.34
G 74 30.0 14.0 5.1 10.5 48.6 1.2 2.9 40.1 2.6 3.1 85.8 2.3 4.3 1.0 0.1 1.8 4 0 15.91
PF 81 34.7 14.0 5.0 10.1 49.0 1.2 3.2 38.8 2.8 4.1 69.6 9.5 7.4 1.5 1.4 3.2 33 13 19.31
SG 81 33.8 13.8 5.4 12.6 42.7 1.1 3.5 30.9 2.0 2.5 78.6 3.3 4.7 1.9 0.5 2.5 1 0 13.79
SG 76 27.7 13.8 4.8 11.4 42.3 1.3 3.8 34.3 2.8 3.4 84.0 2.5 2.6 0.6 0.3 2.1 3 0 12.00
C 71 32.1 13.7 5.2 8.5 62.0 0.0 0.1 0.0 3.3 6.7 48.9 11.8 1.4 1.0 1.6 2.3 38 0 18.99
SF 61 29.5 13.7 5.2 10.7 49.2 1.7 4.1 41.4 1.5 2.2 68.4 4.7 2.8 0.8 0.3 1.6 3 0 16.31
C 75 30.1 13.5 5.8 10.2 56.7 0.0 0.0 0.0 1.9 2.8 70.5 9.9 1.4 0.6 1.3 1.6 41 0 19.04
SG 80 28.2 13.2 4.9 12.0 41.0 1.6 4.6 35.1 1.8 2.4 73.7 3.4 3.3 1.2 0.2 2.5 1 0 13.22
G 68 30.4 12.8 4.8 13.3 36.4 1.1 3.4 31.9 2.1 3.1 67.0 3.4 5.5 1.0 0.5 3.2 4 0 9.96
PF 67 28.4 12.8 4.1 10.6 38.5 2.5 7.2 35.3 2.1 2.6 79.1 6.3 1.4 1.6 0.6 2.1 7 0 13.24
G 71 33.4 12.8 5.0 11.3 44.3 1.3 3.4 38.2 1.5 1.8 84.0 3.7 2.0 0.4 0.1 1.2 1 0 10.98
C 60 26.0 12.8 5.1 8.9 56.5 0.0 0.0 0.0 2.7 3.6 76.1 9.1 0.7 0.4 1.3 1.4 22 0 22.63
C 77 33.7 12.7 4.6 6.6 70.3 0.0 0.0 0.0 3.5 8.0 43.0 13.8 1.2 0.7 2.3 1.4 49 0 20.66
C 82 21.0 12.7 5.0 8.8 57.6 0.1 0.3 47.6 2.4 3.1 79.7 8.1 0.4 0.3 0.4 1.4 25 0 24.09
SF 81 35.3 12.7 4.4 10.6 41.6 2.3 6.2 37.1 1.6 2.0 78.3 4.5 2.3 2.0 0.3 1.4 1 0 12.97
PG 77 29.1 12.6 5.2 12.6 41.1 0.7 2.2 32.9 1.6 2.3 69.3 4.0 6.5 1.1 0.3 2.3 12 0 14.97
C 78 32.1 12.6 5.3 11.1 47.9 0.8 2.4 32.6 1.2 1.6 75.2 6.8 0.8 0.5 1.9 1.4 9 0 13.99
SG 78 33.9 12.5 4.2 10.9 38.8 2.4 6.7 36.0 1.6 1.9 86.3 3.1 1.9 1.0 0.2 1.0 0 0 10.91
F 67 25.3 12.5 5.2 9.3 55.8 0.0 0.0 50.0 2.0 3.3 61.3 8.7 1.2 0.5 0.9 1.4 21 0 21.06
G 77 30.7 12.4 4.6 11.0 41.5 2.6 6.6 40.0 0.6 0.9 63.4 2.8 1.7 1.1 0.3 0.8 1 0 12.43
F 74 32.4 12.3 4.6 10.1 45.5 1.2 3.5 34.4 2.0 2.6 75.5 6.0 1.9 1.0 0.4 1.1 13 0 15.02
SG 76 32.1 12.3 4.7 10.1 46.9 1.4 3.9 35.4 1.4 1.8 82.0 2.9 1.9 1.3 0.2 1.3 0 0 12.78
G 81 33.4 12.2 4.7 10.6 43.9 1.5 3.9 38.3 1.5 1.8 83.1 3.6 3.9 0.8 0.0 2.0 3 0 12.01
PF 79 21.3 12.2 4.2 9.8 42.7 2.3 5.8 39.3 1.5 2.0 77.4 3.8 1.1 0.4 0.3 1.1 2 0 16.27
PG 74 34.1 12.1 4.4 10.0 44.1 1.7 4.2 40.8 1.5 2.0 76.0 4.0 3.5 1.1 0.2 1.4 0 0 13.22
PF 64 25.5 12.0 4.8 11.2 42.5 0.7 2.4 30.3 1.7 2.3 73.5 5.5 1.9 0.9 0.5 2.1 2 0 12.25
PG 72 35.2 11.9 4.9 10.9 45.4 0.9 2.4 36.5 1.2 2.1 58.0 6.0 11.7 2.0 0.1 3.9 37 6 16.92
G 72 27.5 11.9 4.9 9.9 49.3 0.4 0.9 41.5 1.8 2.4 76.0 2.4 5.3 0.8 0.2 1.8 3 0 16.22
F 69 27.2 11.8 4.3 9.0 48.1 1.6 4.0 40.9 1.5 2.3 64.8 5.9 1.4 0.8 0.2 1.4 6 0 13.96
F 66 24.9 11.8 3.8 9.2 40.7 2.0 5.2 39.0 2.2 2.7 80.7 5.5 1.5 0.9 0.7 1.5 5 0 15.63
SG 64 22.9 11.8 4.0 9.9 40.9 2.2 6.0 36.7 1.5 1.9 75.0 2.7 1.0 0.8 0.5 1.1 0 0 14.08
PF 80 28.2 11.7 4.4 10.3 43.0 0.8 2.7 31.5 2.1 2.8 74.5 4.2 1.7 0.7 0.5 1.2 1 0 13.04
SF 66 30.9 11.7 4.5 9.6 46.6 1.2 3.2 38.3 1.5 2.0 76.1 4.9 1.8 0.6 0.2 0.9 1 0 12.32
G 78 26.3 11.7 3.8 9.3 41.2 1.0 2.9 33.6 3.1 3.7 81.5 3.2 3.0 0.7 0.5 1.9 1 0 13.80
F 81 28.9 11.7 4.2 9.2 45.2 1.9 4.7 40.2 1.5 1.8 83.3 6.4 1.4 0.7 1.0 0.8 10 0 16.90
SF 75 27.8 11.6 4.3 9.7 44.1 1.5 4.1 35.7 1.6 2.0 81.5 5.1 2.3 1.3 0.5 1.8 1 0 13.42
SF 75 30.3 11.6 4.5 9.6 47.3 1.3 3.6 36.7 1.3 1.7 75.4 5.2 1.6 1.4 0.4 0.9 5 0 14.51
PF 81 28.2 11.3 4.4 10.3 42.9 0.1 0.4 27.8 2.4 3.3 71.5 10.2 1.8 0.7 0.4 1.8 34 1 13.92
SF 79 26.8 11.2 4.1 9.5 43.3 1.6 4.3 38.2 1.4 1.7 83.3 3.2 1.3 0.4 0.1 1.5 1 0 10.79
C 67 29.3 11.1 4.6 8.8 52.1 0.0 0.0 50.0 2.0 3.4 59.0 8.1 1.8 1.8 1.5 2.4 16 0 16.28
PG 80 20.3 11.0 4.1 9.8 42.1 1.0 3.0 32.2 1.8 2.3 79.1 2.6 4.4 0.9 0.1 2.3 2 0 15.62
G 77 25.5 11.0 3.4 9.4 36.0 2.3 6.3 36.3 1.9 2.3 83.3 2.3 1.8 0.7 0.2 1.2 0 0 11.10
G 74 22.5 10.9 4.3 9.6 44.6 1.4 3.5 38.5 1.0 1.3 77.1 2.1 4.1 0.4 0.0 1.5 2 0 15.52
PG 73 29.4 10.7 4.4 10.0 43.6 0.4 1.3 32.6 1.5 2.6 58.9 3.6 6.4 1.2 0.3 2.4 14 1 13.98
PG 64 21.3 10.6 4.1 9.9 41.3 1.4 4.0 34.4 1.0 1.3 81.7 1.8 2.3 0.5 0.1 1.3 0 0 14.06
G 81 28.0 10.5 4.2 9.3 45.6 0.2 1.0 24.1 1.8 2.2 82.7 4.9 4.4 1.0 0.3 2.1 4 0 13.65
F 82 20.5 10.5 3.9 8.3 46.5 0.5 1.9 28.9 2.3 3.0 76.4 3.3 0.6 0.3 0.1 0.9 0 0 15.26
F 74 25.4 10.4 3.8 8.9 42.4 1.3 3.5 37.1 1.5 2.1 72.1 5.4 0.9 0.7 0.4 1.0 4 0 14.26
C 60 22.8 10.3 4.4 8.8 49.8 0.1 0.2 21.4 1.5 2.0 72.7 5.5 0.7 0.4 1.4 1.1 4 0 15.51
C 81 23.6 10.3 4.3 10.0 43.5 0.4 1.3 28.2 1.3 2.0 64.0 8.3 2.3 0.9 0.6 1.3 25 0 16.78
G 61 22.5 10.3 3.0 7.3 41.0 0.8 2.4 30.9 3.6 4.3 83.2 2.6 3.8 1.4 0.2 1.8 0 0 17.33
SG 81 26.0 10.3 3.8 8.4 45.9 1.4 3.5 39.4 1.2 1.4 86.7 2.7 1.2 0.8 0.2 0.8 0 0 12.26
C 82 27.1 10.3 4.4 8.1 53.9 0.0 0.0 0.0 1.6 2.0 79.5 7.3 1.4 0.2 1.6 1.6 15 0 17.66
G 68 24.6 10.2 3.6 9.3 38.6 1.3 4.4 30.6 1.7 2.0 83.3 1.7 1.9 0.5 0.0 1.2 0 0 9.49
PF 82 28.5 10.2 3.6 8.8 41.6 1.5 4.3 36.1 1.4 1.9 73.7 6.1 1.7 0.9 0.6 1.5 8 0 12.76
C 82 27.1 10.1 3.8 7.1 53.2 0.1 0.2 30.0 2.5 3.0 82.7 7.1 1.7 1.1 1.2 1.7 15 0 17.17
PG 76 30.6 10.1 2.9 7.7 37.4 0.8 2.5 32.6 3.5 4.1 84.7 4.3 8.6 2.1 0.1 2.5 14 0 17.64
SF 76 28.8 10.0 3.5 9.1 38.1 1.6 4.9 32.2 1.5 1.8 80.4 5.5 2.1 1.0 0.8 1.6 7 1 11.71
PF 69 20.2 10.0 3.7 8.1 45.5 1.2 3.0 40.5 1.4 1.9 75.0 4.1 1.5 0.8 0.5 1.1 1 0 16.33
C 80 21.7 10.0 3.8 7.5 51.2 0.4 1.1 33.3 1.9 2.4 81.1 7.0 2.4 1.0 0.6 1.3 16 0 21.58
G 82 20.3 9.9 3.4 7.2 47.3 0.4 1.4 32.4 2.6 3.5 75.6 2.5 2.9 0.6 0.1 1.4 3 0 15.93
SG 73 23.9 9.9 3.7 8.6 43.1 1.8 4.6 38.6 0.7 0.8 79.0 2.5 0.8 0.7 0.3 0.6 1 0 12.95
PG 71 28.7 9.9 3.6 8.4 43.4 1.7 4.4 40.0 0.8 1.2 68.2 3.5 3.4 1.3 0.4 1.3 1 0 13.07
F 77 28.0 9.8 3.5 8.8 39.7 1.9 5.1 38.0 0.9 1.2 71.9 3.5 1.3 0.5 0.3 1.0 0 0 9.24
G 78 27.6 9.8 3.6 9.1 39.9 1.1 3.1 35.8 1.4 2.0 71.3 2.6 2.0 1.0 0.2 1.5 0 0 9.39
SF 77 26.8 9.7 3.3 7.8 41.9 0.5 1.9 24.0 2.8 4.2 65.8 4.7 1.8 0.7 1.6 1.4 3 0 12.68
SG 61 18.2 9.7 3.5 8.9 39.9 1.5 4.4 33.7 1.1 1.3 84.8 2.5 1.4 0.8 0.1 0.8 0 0 14.81
G 79 29.5 9.6 3.7 8.1 45.4 1.0 2.7 37.8 1.3 1.5 83.9 2.6 1.7 1.1 0.4 0.9 0 0 11.55
G 58 19.6 9.6 3.4 7.5 45.3 1.2 3.1 39.1 1.6 1.9 81.3 2.5 3.1 1.1 0.2 1.7 0 0 17.90
G 80 27.4 9.5 3.5 8.5 40.6 0.8 2.7 28.2 1.9 2.2 84.7 3.2 3.6 0.9 0.2 1.5 3 1 11.93
SF 81 23.0 9.4 3.6 8.0 45.2 1.4 3.2 42.5 0.9 1.0 85.7 2.4 0.7 0.2 0.1 0.7 0 0 10.99
PF 80 17.9 9.3 3.2 7.1 45.0 0.6 1.9 29.3 2.4 3.2 75.8 3.7 0.9 0.4 0.1 0.8 4 0 17.28
C 71 25.6 9.3 3.7 6.3 58.9 0.0 0.0 0.0 1.9 3.2 58.7 7.1 1.5 0.9 1.1 1.4 9 0 16.66
G 80 30.0 9.2 3.4 7.7 43.5 2.0 5.0 39.9 0.6 0.7 83.3 3.3 2.1 0.8 0.4 1.2 0 0 9.78
PF 78 23.9 9.2 3.5 7.4 47.3 0.5 1.8 29.6 1.7 2.5 66.8 6.5 1.6 0.8 0.7 0.8 12 0 17.07
PG 61 27.3 9.1 3.0 8.7 34.8 1.0 4.0 25.3 2.1 2.7 77.7 4.2 3.0 1.5 0.3 1.3 2 1 11.34
C 82 25.4 9.1 3.3 6.3 51.6 0.0 0.0 0.0 2.6 4.1 64.2 7.7 2.8 0.8 1.0 1.9 15 0 17.24
C 61 31.7 9.1 3.2 5.8 55.9 0.0 0.0 0.0 2.6 4.6 56.9 11.0 1.5 0.7 2.2 1.9 20 0 17.51
C 78 23.3 9.0 3.4 8.0 42.3 0.0 0.1 14.3 2.2 3.1 72.8 7.6 1.2 0.5 0.8 1.9 19 0 12.49
G 69 22.6 8.9 3.3 8.5 39.2 1.2 3.8 32.3 1.0 1.3 78.3 2.4 0.8 0.6 0.3 0.7 0 0 10.15
PG 58 22.0 8.9 3.2 7.6 41.3 0.3 1.4 24.1 2.3 2.7 82.9 2.7 2.4 0.7 0.1 1.3 0 0 12.65
PG 67 21.9 8.9 3.4 7.7 43.8 0.9 2.8 33.5 1.2 1.7 68.1 1.9 1.5 0.7 0.1 0.9 0 0 11.15
C 73 20.7 8.8 3.8 7.5 50.6 0.0 0.0 0.0 1.2 1.7 71.2 6.2 1.2 0.5 0.5 1.3 9 0 16.42
SG 66 18.6 8.8 3.5 7.7 45.1 0.8 2.7 30.9 1.0 1.3 72.7 3.8 1.2 0.6 0.5 0.8 1 0 15.92
C 73 24.3 8.7 3.2 6.0 52.9 0.0 0.1 10.0 2.4 3.2 75.4 6.2 1.0 0.8 0.9 0.9 5 0 16.18
F 76 21.5 8.7 3.5 7.9 45.0 0.9 2.1 40.4 0.8 1.1 72.6 4.7 0.9 0.6 0.4 0.9 3 0 13.67
PG 61 20.7 8.7 3.0 7.3 41.1 1.3 3.3 39.9 1.4 1.6 84.8 2.3 2.6 1.1 0.1 1.0 1 0 14.74
SG 72 19.9 8.7 3.2 7.3 43.9 0.7 1.9 35.3 1.6 2.0 76.7 2.9 1.0 0.5 0.3 0.9 0 0 12.97
C 73 26.5 8.6 3.6 6.8 52.6 0.0 0.0 0.0 1.4 2.0 69.2 6.9 1.5 0.6 1.1 1.1 7 0 15.70
C 61 25.2 8.6 3.5 7.2 48.8 0.0 0.0 0.0 1.5 2.1 70.2 7.3 2.7 0.8 1.3 1.5 11 0 16.98
C 76 26.4 8.6 2.9 6.2 46.6 0.0 0.0 0.0 2.8 3.6 76.8 9.4 1.7 0.8 0.3 1.6 26 0 16.26
PG 81 20.5 8.5 3.2 7.6 42.5 1.5 4.0 38.4 0.6 0.7 81.0 2.0 2.8 0.7 0.1 0.9 0 0 14.69
F 67 18.7 8.5 3.3 7.0 48.1 0.6 1.6 38.2 1.1 1.5 76.2 5.6 1.1 0.6 0.4 1.1 10 0 16.24
SG 80 25.6 8.5 3.2 7.3 43.9 0.4 1.4 27.3 1.7 2.2 76.4 2.6 3.1 0.8 0.3 1.3 0 0 12.43
G 73 24.8 8.5 2.9 7.5 38.5 1.5 4.5 32.6 1.2 1.6 77.1 2.5 1.9 0.6 0.3 1.3 0 0 9.22
C 61 21.9 8.4 3.2 7.1 44.8 1.4 3.7 37.7 0.6 0.8 76.1 5.1 1.5 0.1 0.3 1.3 4 0 11.36
SG 64 25.3 8.4 3.4 7.3 45.8 0.2 0.7 35.7 1.4 2.2 65.2 4.6 1.1 1.7 0.3 1.2 1 0 12.94
G 69 19.9 8.3 3.3 6.9 48.1 0.4 1.1 38.5 1.3 1.6 78.4 3.2 1.9 0.6 0.1 1.4 1 0 13.54
F 59 22.3 8.2 2.9 6.5 44.2 0.7 1.8 40.4 1.7 2.0 85.7 2.2 0.9 0.4 0.1 1.0 0 0 10.45
SF 73 23.1 8.1 3.1 8.2 37.5 0.9 2.8 30.7 1.1 1.4 78.4 4.2 1.6 0.8 0.2 1.6 3 0 8.73
PF 82 31.0 8.0 2.9 7.1 41.1 0.8 2.5 33.0 1.3 1.7 74.6 6.2 2.2 1.3 0.2 1.4 7 0 10.85
C 80 25.2 8.0 3.3 5.3 61.3 0.0 0.0 0.0 1.4 2.5 58.2 6.7 0.8 0.5 1.1 1.1 6 0 15.54
F 59 17.6 7.9 3.3 6.4 51.3 0.2 0.9 24.5 1.1 1.2 89.9 4.9 0.9 0.2 0.3 0.9 5 0 15.80
SF 81 25.9 7.9 2.9 6.0 47.8 1.2 2.9 42.0 0.9 1.2 73.5 3.5 2.1 0.9 0.2 1.0 0 0 11.69
PF 82 27.7 7.8 3.0 5.1 58.8 0.0 0.0 0.0 1.8 3.0 61.6 9.0 0.8 0.5 0.6 0.7 23 0 15.91
G 68 21.2 7.8 2.9 6.7 42.9 1.0 2.7 36.2 1.1 1.5 71.8 2.2 1.2 0.8 0.1 1.5 0 0 8.67
SG 76 21.3 7.7 2.9 7.4 38.9 1.3 3.5 35.8 0.7 0.8 85.7 2.3 1.1 0.6 0.1 0.6 0 0 10.19
SG 82 24.8 7.6 2.8 7.2 39.3 0.9 2.7 34.4 1.0 1.4 75.4 3.5 2.5 0.9 0.3 0.7 1 0 11.69
G 64 20.0 7.6 2.6 5.8 44.7 0.8 2.5 32.9 1.6 2.2 72.1 2.2 1.8 0.9 0.2 1.0 0 0 13.17
G 72 28.1 7.6 2.9 6.3 45.9 1.2 2.8 41.4 0.6 0.7 87.5 3.2 4.1 0.9 0.1 1.2 1 0 12.33
PG 62 19.0 7.5 2.4 5.6 42.3 1.1 2.7 40.5 1.7 2.1 80.5 1.5 3.2 0.6 0.1 1.4 2 0 13.94
F 70 21.7 7.5 3.2 7.0 45.2 0.6 1.7 38.5 0.6 0.8 75.5 4.2 1.4 0.8 0.7 0.9 2 0 12.55
SG 59 21.4 7.5 3.2 6.6 48.1 0.8 1.8 45.2 0.4 0.6 62.9 2.3 1.7 0.6 0.3 0.9 0 0 11.43
PG 76 24.6 7.5 2.7 6.7 40.5 1.3 3.1 41.0 0.8 0.9 86.4 2.1 4.4 0.6 0.1 1.5 1 0 11.31
PF 81 21.1 7.5 2.7 6.5 41.0 0.8 2.5 33.7 1.3 1.8 73.0 4.1 1.2 0.5 0.5 0.7 1 0 12.51
PF 78 18.5 7.4 2.9 6.3 46.5 0.2 0.6 33.3 1.3 1.8 75.2 4.8 0.9 0.6 0.4 1.1 7 0 14.68
F 79 22.8 7.3 3.2 5.4 58.5 0.1 0.5 23.3 0.9 1.5 57.0 6.4 1.7 0.7 1.1 1.2 8 0 16.03
SG 80 24.4 7.3 2.5 6.3 39.8 1.1 3.2 34.5 1.1 1.6 72.8 2.7 1.8 0.9 0.2 0.8 0 0 9.29
G 78 22.4 7.3 2.8 6.4 44.2 0.5 1.4 36.1 1.1 1.4 77.6 2.3 4.4 1.2 0.2 1.9 0 0 13.36
SF 79 26.1 7.2 2.7 7.1 37.6 1.5 4.4 33.2 0.4 0.6 73.9 3.8 1.8 1.0 0.8 0.9 0 0 10.49
F 82 20.4 7.2 2.6 6.7 38.4 0.7 2.7 27.2 1.3 1.7 75.0 2.4 1.3 1.0 0.2 1.0 0 0 9.97
F 76 15.5 7.2 3.2 6.6 48.5 0.1 0.2 25.0 0.7 0.9 80.6 2.9 0.8 0.4 0.9 0.8 1 0 14.72
PF 66 20.3 7.2 2.6 4.8 54.9 0.0 0.0 0.0 1.9 2.2 84.5 4.3 1.1 0.5 0.8 0.6 0 0 17.38
C 66 24.5 7.2 2.8 4.8 58.3 0.0 0.0 0.0 1.6 2.6 62.0 8.7 1.0 0.5 0.7 1.4 20 0 14.74
G 69 16.1 7.1 2.7 6.8 40.1 1.0 2.7 35.7 0.7 0.9 76.6 1.5 2.6 0.4 0.1 1.2 0 0 11.87
F 72 11.6 7.1 2.7 6.3 43.2 0.3 0.9 38.7 1.3 1.6 82.5 3.3 0.8 0.3 0.5 0.9 1 0 17.18
F 78 18.0 7.1 3.1 5.7 54.5 0.0 0.1 42.9 0.8 1.0 78.8 4.0 1.8 0.6 0.7 0.9 1 0 17.66
C 77 19.1 7.0 3.0 5.2 58.2 0.0 0.0 0.0 1.0 2.7 37.9 6.4 0.6 0.8 1.2 0.8 10 0 18.30
C 62 17.8 7.0 3.0 7.0 42.7 0.3 0.8 30.8 0.8 1.1 72.7 5.4 0.8 0.4 0.4 0.9 6 0 13.90
SF 65 26.6 7.0 2.7 5.7 47.8 0.8 2.4 35.1 0.8 1.3 61.4 4.0 3.4 1.1 0.3 1.2 1 0 12.25
C 66 21.4 7.0 2.9 5.1 56.3 0.0 0.0 0.0 1.2 1.9 64.8 5.3 0.6 0.7 1.0 0.7 3 0 15.31
G 61 21.6 7.0 2.5 5.7 44.0 0.6 1.6 38.4 1.3 1.7 75.0 2.8 4.4 0.5 0.1 1.3 3 0 13.98
PF 79 25.6 6.9 2.6 6.2 41.4 1.3 3.7 36.2 0.4 0.4 85.3 4.3 1.2 0.7 0.4 0.8 0 0 10.61
F 80 20.8 6.9 2.6 6.4 40.4 1.3 3.9 33.3 0.4 0.6 65.2 3.1 0.6 1.1 0.7 0.7 0 0 11.05
C 78 19.0 6.8 3.0 5.7 53.2 0.0 0.0 0.0 0.7 1.3 54.8 5.4 0.4 0.5 0.9 0.6 5 0 15.15
G 60 16.8 6.6 2.2 5.7 38.8 1.0 2.8 34.9 1.2 1.4 83.3 2.4 0.9 0.6 0.3 0.6 0 0 12.75
F 81 20.8 6.5 2.5 4.2 61.1 0.0 0.0 0.0 1.4 2.5 55.9 7.4 1.1 0.7 0.9 0.8 9 0 18.76
PF 78 28.6 6.4 2.5 5.9 42.2 0.4 1.5 27.6 1.0 1.5 68.4 5.2 1.5 0.9 0.3 1.2 0 0 8.42
F 75 23.4 6.4 2.5 5.0 50.5 0.6 1.7 33.9 0.8 1.3 62.6 4.5 1.4 1.1 0.5 0.9 1 0 12.40
SF 78 18.7 6.4 2.5 5.3 47.4 0.5 1.8 27.9 0.9 1.4 62.2 3.6 0.9 0.6 0.4 0.8 4 0 13.37
C 76 18.2 6.4 2.7 5.0 52.7 0.3 0.9 36.2 0.7 1.0 73.7 3.1 2.3 0.3 0.3 1.3 0 0 14.00
G 68 15.9 6.4 2.5 5.4 46.2 0.6 1.6 35.5 0.8 0.9 83.9 1.7 1.2 0.6 0.1 0.8 0 0 11.81
C 81 15.2 6.3 2.4 4.7 50.5 0.0 0.0 0.0 1.6 2.0 76.4 4.7 0.6 0.3 0.6 0.8 1 0 17.80
G 78 19.5 6.3 2.6 4.9 53.6 0.0 0.2 16.7 1.0 1.2 86.0 2.2 3.0 0.7 0.3 1.0 0 0 13.89
C 76 17.4 6.3 2.7 4.7 56.5 0.0 0.1 14.3 0.9 1.3 71.6 4.4 0.4 0.3 0.8 0.9 2 0 14.63
SF 66 19.9 6.2 2.2 6.2 35.5 1.1 3.7 29.0 0.8 1.0 78.1 2.6 0.6 0.5 0.2 0.6 1 0 6.93
PF 75 15.3 6.2 2.3 5.0 46.8 0.8 2.1 39.2 0.7 0.8 79.4 2.7 1.0 0.3 0.2 0.6 0 0 14.06
SF 68 18.1 6.1 2.1 5.8 36.3 1.1 3.6 31.0 0.8 1.0 81.8 2.7 1.0 0.5 0.3 0.9 0 0 8.29
PF 80 17.3 6.1 2.4 5.5 43.8 0.6 1.6 38.3 0.7 1.0 69.5 3.7 0.7 0.3 0.2 0.8 2 0 11.70
PG 81 19.8 6.1 2.7 5.7 47.0 0.4 1.1 34.8 0.3 0.5 63.4 3.1 4.5 1.2 0.1 1.7 0 0 14.52
F 70 17.1 6.1 2.2 5.0 43.8 1.3 3.4 38.7 0.4 0.5 85.7 3.3 1.0 0.4 0.4 0.6 0 0 12.99
C 60 11.8 6.1 2.3 4.8 47.6 0.0 0.0 0.0 1.5 1.8 81.5 3.0 0.5 0.2 0.4 0.8 1 0 15.42
F 79 17.9 6.1 2.3 5.3 43.3 0.8 2.4 34.9 0.6 0.7 90.7 2.2 1.4 0.5 0.2 1.2 0 0 9.49
F 80 24.6 6.1 2.3 5.2 45.1 0.7 2.2 31.6 0.7 1.0 69.5 3.0 1.0 0.5 0.4 0.5 0 0 8.63
C 59 14.6 6.0 2.5 5.3 47.6 0.0 0.0 0.0 0.9 1.1 83.9 4.6 0.5 0.3 0.6 0.9 4 0 13.90
C 81 23.2 5.9 2.2 5.1 44.3 0.0 0.0 0.0 1.4 1.8 80.7 4.9 1.2 0.4 1.4 0.9 3 0 11.24
PG 81 18.5 5.9 2.2 5.2 43.1 0.8 2.0 39.5 0.6 0.9 74.3 1.5 2.1 0.8 0.0 1.3 0 0 10.28
G 72 17.5 5.9 2.1 5.2 40.2 1.3 3.6 35.6 0.4 0.5 81.8 1.1 1.4 0.7 0.1 0.7 0 0 10.22
F 79 20.7 5.9 2.4 4.9 49.0 0.2 0.5 29.3 0.9 1.3 67.0 5.7 1.1 0.7 0.5 1.0 4 0 14.40
G 62 15.8 5.9 2.0 5.2 39.4 0.6 2.0 31.4 1.1 1.5 75.5 2.0 1.5 0.6 0.2 0.9 1 0 11.31
SG 81 20.3 5.9 2.1 6.0 35.1 0.9 3.1 30.0 0.8 0.9 82.4 1.9 2.0 0.5 0.4 1.1 0 0 7.60
C 69 14.4 5.8 2.1 4.3 49.3 0.0 0.2 12.5 1.5 2.1 73.9 4.0 0.6 0.5 0.3 0.6 3 0 16.87
G 66 21.4 5.7 2.1 5.4 39.3 0.5 1.6 33.3 0.9 1.3 68.6 1.8 3.6 0.8 0.1 1.4 1 0 9.72
G 76 16.6 5.6 2.0 5.1 39.4 0.3 1.3 22.0 1.3 1.6 78.0 1.9 2.3 0.7 0.1 1.1 0 0 11.20
SG 68 13.6 5.6 2.0 4.9 40.8 1.2 3.0 38.7 0.4 0.6 74.4 0.9 0.4 0.3 0.1 0.3 0 0 10.74
F 74 17.9 5.5 1.9 4.2 45.8 0.9 2.3 38.2 0.8 1.2 66.7 1.7 0.8 0.4 0.2 0.6 0 0 9.73
PF 63 20.1 5.5 2.5 4.8 52.7 0.0 0.2 10.0 0.5 0.7 68.1 5.0 0.7 0.9 0.4 0.7 3 0 13.39
C 82 22.0 5.5 1.9 3.5 54.2 0.0 0.0 0.0 1.7 2.8 62.8 8.0 0.4 0.2 1.6 0.9 9 0 14.91
C 60 13.3 5.5 2.2 3.8 59.6 0.0 0.0 0.0 1.0 1.4 71.4 4.8 0.8 0.8 1.1 1.1 3 0 21.35
F 79 20.2 5.4 2.4 4.7 51.6 0.0 0.0 0.0 0.6 0.9 63.0 5.4 1.0 0.3 0.5 0.9 4 0 12.40
C 70 20.7 5.4 2.5 4.0 62.7 0.0 0.0 100.0 0.3 0.7 48.0 7.0 2.3 0.5 1.6 1.2 5 0 15.92
PG 62 19.5 5.3 1.9 4.9 38.4 1.1 3.2 34.7 0.5 0.7 75.6 1.6 2.4 1.2 0.2 1.1 0 0 9.62
F 72 18.6 5.3 1.8 4.6 38.6 1.4 3.8 36.0 0.4 0.7 61.7 3.2 0.7 0.4 0.2 0.4 0 0 10.26
SG 64 20.3 5.3 2.0 5.3 37.2 0.9 2.4 36.1 0.5 0.5 90.9 3.1 1.0 0.3 0.3 0.8 1 0 6.47
F 59 14.8 5.2 2.0 3.6 55.6 0.3 0.8 38.8 0.8 1.2 73.5 3.2 0.5 0.5 0.4 0.5 0 0 14.71
C 61 14.3 5.1 2.3 3.8 60.1 0.0 0.0 0.0 0.6 1.0 57.6 3.8 0.3 0.3 0.8 0.7 0 0 17.43
PF 62 10.7 5.1 2.0 5.3 38.2 0.8 2.8 27.3 0.4 0.4 91.7 2.5 0.4 0.3 0.2 0.5 0 0 12.01
PF 60 17.9 5.1 1.8 3.9 46.8 0.8 2.1 38.4 0.7 0.9 72.7 3.5 1.4 0.4 0.4 0.8 3 0 11.23
SF 73 15.9 5.1 1.9 4.3 44.2 0.2 0.9 22.2 1.1 1.7 65.6 2.6 0.6 0.3 0.5 1.0 0 0 8.34
SG 61 14.9 4.9 1.7 4.5 38.3 0.9 2.3 36.4 0.5 0.6 82.1 2.4 1.4 0.6 0.1 0.7 0 0 11.10
G 70 22.2 4.8 1.9 3.9 49.6 0.5 1.5 31.1 0.5 0.8 61.1 3.6 0.7 0.8 0.6 0.5 0 0 10.23
C 65 11.8 4.8 2.0 4.2 47.6 0.1 0.3 22.7 0.7 0.9 76.7 3.8 1.1 0.3 0.8 0.9 1 0 17.50
SF 78 16.0 4.5 1.8 3.8 46.8 0.2 0.5 32.4 0.8 1.1 74.7 3.1 1.6 0.8 0.4 0.8 1 0 12.99
SG 73 22.4 4.5 1.8 3.5 51.8 0.2 0.8 28.3 0.6 0.9 66.7 3.4 1.0 0.9 0.2 0.8 0 0 8.45
C 58 12.2 4.4 1.7 3.1 55.9 0.0 0.0 0.0 1.0 1.3 75.0 3.9 0.2 0.4 0.8 0.6 1 0 17.08
PG 58 17.0 4.4 1.6 4.1 38.8 0.9 2.6 34.4 0.3 0.3 80.0 1.5 3.4 0.4 0.1 1.4 0 0 9.81
F 78 15.1 4.4 1.5 3.7 41.3 0.6 1.4 39.8 0.8 1.0 78.2 3.7 0.8 0.3 0.3 0.7 1 0 10.32
F 71 12.9 4.3 1.8 4.1 44.7 0.0 0.0 0.0 0.7 1.5 43.1 5.1 0.6 0.5 0.5 1.0 8 0 14.54
F 72 14.7 4.2 1.5 3.6 42.7 0.9 2.2 41.4 0.3 0.4 64.3 2.5 0.8 0.3 0.3 0.5 0 0 10.12
SF 81 15.3 4.2 1.5 3.6 42.6 1.0 2.6 38.6 0.2 0.2 72.2 1.9 1.2 0.7 0.0 0.8 0 0 10.38
SF 59 14.7 4.2 1.6 3.5 44.7 0.4 1.3 32.4 0.6 0.7 85.7 2.8 1.0 0.6 0.2 0.6 1 0 12.23
SF 66 14.1 4.1 1.6 3.6 43.5 0.4 1.3 27.9 0.6 0.8 69.6 2.3 1.0 0.5 0.2 0.7 0 0 10.73
C 68 17.3 4.0 1.5 2.9 53.3 0.0 0.0 0.0 0.9 1.6 54.5 6.1 0.4 0.3 0.3 0.9 2 0 11.02
SG 63 10.7 3.7 1.4 3.3 42.7 0.4 1.3 31.6 0.5 0.8 63.3 2.1 0.2 0.3 0.1 0.5 0 0 8.25
F 78 15.1 3.6 1.5 3.6 42.1 0.1 0.6 23.9 0.5 0.7 74.5 3.9 0.4 0.3 0.3 0.6 0 0 8.63
G 66 8.8 3.6 1.3 3.1 44.1 0.5 1.3 35.7 0.4 0.5 82.4 1.0 1.0 0.3 0.2 0.7 0 0 11.57
F 68 14.4 3.4 1.3 3.3 38.9 0.4 1.4 30.9 0.4 0.6 65.9 2.1 0.4 0.4 0.1 0.5 0 0 6.68
C 60 9.4 3.3 1.3 2.5 50.0 0.2 0.7 30.8 0.5 0.7 79.5 2.0 0.6 0.2 0.5 0.5 0 0 13.68
G 70 14.3 3.1 1.2 3.8 30.5 0.6 2.1 29.3 0.2 0.2 80.0 1.3 0.6 0.4 0.2 0.4 0 0 4.25
F 75 17.0 3.1 1.3 2.8 45.4 0.2 0.5 32.5 0.4 0.8 52.6 2.3 0.4 0.6 0.3 0.5 0 0 7.28
PF 66 13.0 3.0 1.3 3.2 41.1 0.0 0.0 100.0 0.4 0.6 67.5 2.7 0.5 0.3 0.1 0.5 0 0 7.46
SG 70 12.2 2.9 1.0 2.8 37.1 0.4 1.4 27.6 0.5 0.6 81.0 1.9 0.6 0.5 0.3 0.6 0 0 8.20
SF 77 19.0 2.9 1.3 3.0 44.5 0.1 0.3 17.4 0.2 0.2 68.4 1.9 1.0 0.5 0.2 0.4 0 0 6.37
PG 59 13.9 2.5 0.9 2.5 37.4 0.5 1.6 29.5 0.1 0.1 87.5 1.9 2.2 0.9 0.0 0.8 0 0 10.22
F 59 11.8 2.1 0.8 1.8 45.9 0.0 0.0 0.0 0.4 0.6 69.7 2.9 0.9 0.3 0.3 0.8 0 0 7.75
